1.181250000000000000e+03 0.000000000000000000e+00 5.400000000000000000e+02
0.000000000000000000e+00 1.181250000000000000e+03 3.600000000000000000e+02
0.000000000000000000e+00 0.000000000000000000e+00 1.000000000000000000e+00
9.392102661132812500e+02 8.474364013671875000e+02 -2.944266967773437500e+02 4.184014648437500000e+03
1.231732559204101562e+02 -3.193453063964843750e+02 -1.186506835937500000e+03 2.254145751953125000e+03
-3.016688227653503418e-01 7.821221947669982910e-01 -5.452346205711364746e-01 6.294905662536621094e+00
9.330044388771057129e-01 3.598649203777313232e-01 -5.938721514553435554e-09
1.962108165025711060e-01 -5.087062716484069824e-01 -8.382834792137145996e-01
-3.016688227653503418e-01 7.821221947669982910e-01 -5.452346205711364746e-01
6.643519401550292969e-01 -1.017591357231140137e-02 6.294905662536621094e+00
