7.000000000000000000e+02 0.000000000000000000e+00 3.200000000000000000e+02
0.000000000000000000e+00 7.000000000000000000e+02 2.400000000000000000e+02
0.000000000000000000e+00 0.000000000000000000e+00 1.000000000000000000e+00
1.994823455810546875e+02 7.226559448242187500e+02 -1.742844848632812500e+02 2.293532714843750000e+03
1.448386840820312500e+02 -1.068159179687500000e+02 -7.177827758789062500e+02 1.575390258789062500e+03
-6.749703884124755859e-01 4.977783858776092529e-01 -5.446389913558959961e-01 5.975202560424804688e+00
5.935326814651489258e-01 8.048098683357238770e-01 8.691259267834539060e-09
4.383308291435241699e-01 -3.232610523700714111e-01 -8.386705517768859863e-01
-6.749703884124755859e-01 4.977783858776092529e-01 -5.446389913558959961e-01
5.449542999267578125e-01 2.019166946411132812e-01 5.975202560424804688e+00
