1.181250000000000000e+03 0.000000000000000000e+00 5.400000000000000000e+02
0.000000000000000000e+00 1.181250000000000000e+03 3.600000000000000000e+02
0.000000000000000000e+00 0.000000000000000000e+00 1.000000000000000000e+00
8.762169799804687500e+02 9.124190063476562500e+02 -2.944266357421875000e+02 4.083555908203125000e+03
1.456904602050781250e+02 -3.097213134765625000e+02 -1.186507080078125000e+03 2.189074707031250000e+03
-3.568166196346282959e-01 7.585521936416625977e-01 -5.452345013618469238e-01 6.454277515411376953e+00
9.048871994018554688e-01 4.256514906883239746e-01 -1.959287843078527658e-09
2.320799380540847778e-01 -4.933757483959197998e-01 -8.382837176322937012e-01
-3.568166196346282959e-01 7.585521936416625977e-01 -5.452345013618469238e-01
5.064517259597778320e-01 -1.138328909873962402e-01 6.454277515411376953e+00
