7.000000000000000000e+02 0.000000000000000000e+00 3.200000000000000000e+02
0.000000000000000000e+00 7.000000000000000000e+02 2.400000000000000000e+02
0.000000000000000000e+00 0.000000000000000000e+00 1.000000000000000000e+00
7.438235473632812500e+02 9.354922485351562500e+01 -1.742844543457031250e+02 2.098318847656250000e+03
-4.295268249511718750e+01 -1.747653808593750000e+02 -7.177828369140625000e+02 1.495530151367187500e+03
2.001661062240600586e-01 8.144335150718688965e-01 -5.446389317512512207e-01 6.347363948822021484e+00
9.711005687713623047e-01 -2.386706918478012085e-01 -6.254047946185892215e-09
-1.299893558025360107e-01 -5.288991928100585938e-01 -8.386706113815307617e-01
2.001661062240600586e-01 8.144335150718688965e-01 -5.446389317512512207e-01
9.594633430242538452e-02 -3.976732492446899414e-02 6.347363948822021484e+00
