1.181250000000000000e+03 0.000000000000000000e+00 5.400000000000000000e+02
0.000000000000000000e+00 1.181250000000000000e+03 3.600000000000000000e+02
0.000000000000000000e+00 0.000000000000000000e+00 1.000000000000000000e+00
3.522409667968750000e+02 -1.214985961914062500e+03 -2.944266967773437500e+02 2.734758300781250000e+03
-3.410759582519531250e+02 2.864106559753417969e+01 -1.186506835937500000e+03 2.487257080078125000e+03
8.353435397148132324e-01 -7.014574855566024780e-02 -5.452345609664916992e-01 6.310679435729980469e+00
-8.367791771888732910e-02 -9.964929223060607910e-01 -3.844262508323481597e-08
-5.433224439620971680e-01 4.562415555119514465e-02 -8.382835388183593750e-01
8.353435397148132324e-01 -7.014574855566024780e-02 -5.452345609664916992e-01
-5.697427988052368164e-01 1.823599487543106079e-01 6.310679435729980469e+00
