1.181250000000000000e+03 0.000000000000000000e+00 5.400000000000000000e+02
0.000000000000000000e+00 1.181250000000000000e+03 3.600000000000000000e+02
0.000000000000000000e+00 0.000000000000000000e+00 1.000000000000000000e+00
-1.228329345703125000e+03 3.024432373046875000e+02 -2.944266357421875000e+02 3.018622314453125000e+03
1.953417205810546875e+02 2.810601196289062500e+02 -1.186506835937500000e+03 2.824234375000000000e+03
-4.784197807312011719e-01 -6.883558630943298340e-01 -5.452346205711364746e-01 5.485373497009277344e+00
-8.211493492126464844e-01 5.707135796546936035e-01 4.175802104100512224e-08
3.111727833747863770e-01 4.477191269397735596e-01 -8.382835388183593750e-01
-4.784197807312011719e-01 -6.883558630943298340e-01 -5.452346205711364746e-01
4.784807562828063965e-02 7.191534042358398438e-01 5.485373497009277344e+00
