7.000000000000000000e+02 0.000000000000000000e+00 3.200000000000000000e+02
0.000000000000000000e+00 7.000000000000000000e+02 2.400000000000000000e+02
0.000000000000000000e+00 0.000000000000000000e+00 1.000000000000000000e+00
2.087353973388671875e+02 -7.199916992187500000e+02 -1.744750976562500000e+02 1.620597534179687500e+03
-1.798432617187500000e+02 1.510192871093750000e+01 -7.176547851562500000e+02 1.642215087890625000e+03
8.353435397148132324e-01 -7.014574855566024780e-02 -5.452345609664916992e-01 6.310679435729980469e+00
-8.367791771888732910e-02 -9.964929223060607910e-01 -3.844262508323481597e-08
-5.433224439620971680e-01 4.562415555119514465e-02 -8.382835388183593750e-01
8.353435397148132324e-01 -7.014574855566024780e-02 -5.452345609664916992e-01
-5.697427988052368164e-01 1.823599487543106079e-01 6.310679435729980469e+00
