14
1	1237	1396	-0.905589	-0.424155
1	1237	1397	-0.882732	-0.469878
1	1236	1398	-0.913695	-0.406401
1	1236	1399	-0.892448	-0.451151
1	1235	1400	-0.917700	-0.397274
1	1235	1401	-0.900300	-0.435269
1	1234	1402	-0.917009	-0.398866
1	1234	1403	-0.905079	-0.425244
1	1233	1404	-0.912724	-0.408577
1	1233	1405	-0.911838	-0.410551
1	1232	1406	-0.910886	-0.412658
1	1232	1407	-0.913566	-0.406691
1	1232	1408	-0.914455	-0.404688
1	1231	1409	-0.915699	-0.401865
1	1231	1410	-0.915996	-0.401187
1	1230	1411	-0.915996	-0.401187
1	1230	1412	-0.915699	-0.401865
1	1229	1413	-0.914455	-0.404688
1	1229	1414	-0.913566	-0.406691
1	1229	1415	-0.910886	-0.412658
1	1228	1416	-0.909584	-0.415521
1	1228	1417	-0.906287	-0.422662
1	1227	1418	-0.903734	-0.428095
1	1227	1419	-0.899758	-0.436389
1	1226	1420	-0.897222	-0.441580
1	1226	1421	-0.893211	-0.449638
1	1225	1422	-0.890701	-0.454590
1	1225	1423	-0.886667	-0.462408
1	1224	1424	-0.884192	-0.467125
1	1224	1425	-0.884998	-0.465595
1	1223	1426	-0.886979	-0.461810
1	1223	1427	-0.887795	-0.460239
1	1222	1428	-0.894241	-0.447586
1	1221	1429	-0.897638	-0.440733
1	1221	1430	-0.904425	-0.426632
1	1220	1431	-0.906652	-0.421880
1	1220	1432	-0.916869	-0.399189
1	1219	1433	-0.917365	-0.398046
1	1219	1434	-0.926454	-0.376408
1	1219	1435	-0.932998	-0.359882
1	1218	1436	-0.936658	-0.350246
1	1218	1437	-0.941754	-0.336302
1	1218	1438	-0.945242	-0.326371
1	1218	1439	-0.947037	-0.321125
1	1217	1440	-0.948609	-0.316450
1	1217	1441	-0.948609	-0.316450
1	1217	1442	-0.946922	-0.321463
1	1216	1443	-0.945242	-0.326371
1	1216	1444	-0.941700	-0.336455
1	1216	1445	-0.936007	-0.351980
1	1215	1446	-0.935460	-0.353433
1	1215	1447	-0.928087	-0.372364
1	1214	1448	-0.924632	-0.380863
1	1214	1449	-0.919952	-0.392031
1	1214	1450	-0.917930	-0.396742
1	1213	1451	-0.913106	-0.407723
1	1213	1452	-0.905298	-0.424778
1	1212	1453	-0.904022	-0.427485
1	1212	1454	-0.895832	-0.444393
1	1211	1455	-0.893961	-0.448144
1	1211	1456	-0.890214	-0.455543
1	1210	1457	-0.888374	-0.459121
1	1210	1458	-0.884605	-0.466342
1	1209	1459	-0.882800	-0.469749
1	1209	1460	-0.879017	-0.476790
1	1208	1461	-0.882336	-0.470619
1	1207	1462	-0.883474	-0.468481
1	1207	1463	-0.891443	-0.453133
1	1206	1464	-0.896124	-0.443805
1	1206	1465	-0.903493	-0.428603
1	1205	1466	-0.907003	-0.421125
1	1205	1467	-0.917790	-0.397067
1	1204	1468	-0.923416	-0.383800
1	1204	1469	-0.936351	-0.351064
1	1203	1470	-0.942750	-0.333501
1	1203	1471	-0.956203	-0.292703
1	1203	1472	-0.968919	-0.247377
1	1203	1473	-0.977920	-0.208978
1	1203	1474	-0.986394	-0.164399
1	1202	1475	-0.991160	-0.132675
1	1202	1476	-0.997010	-0.077275
1	1202	1477	-0.999790	-0.020507
1	1202	1478	-0.998703	0.050906
1	1202	1479	-0.992650	0.121020
1	1202	1480	-0.979523	0.201330
1	1202	1481	-0.961167	0.275969
1	1203	1482	-0.942213	0.335014
1	1203	1483	-0.909250	0.416250
1	1203	1484	-0.863045	0.505127
1	1203	1485	-0.798021	0.602629
1	1204	1486	-0.760305	0.649567
1	1205	1487	-0.712974	0.701190
1	1206	1488	-0.657604	0.753364
1	1207	1489	-0.599625	0.800281
1	1208	1490	-0.541854	0.840473
1	1209	1490	-0.381207	0.924490
1	1210	1490	-0.207813	0.978168
1	1211	1490	-0.041387	0.999143
1	1212	1490	0.117646	0.993056
1	1213	1490	0.265393	0.964140
1	1214	1490	0.399863	0.916575
1	1215	1489	0.457327	0.889299
1	1216	1488	0.507351	0.861740
1	1217	1488	0.576213	0.817299
1	1218	1487	0.608669	0.793424
1	1219	1486	0.635447	0.772145
1	1220	1485	0.659406	0.751787
1	1221	1484	0.679962	0.733247
1	1222	1483	0.696796	0.717270
1	1223	1482	0.704721	0.709484
1	1224	1481	0.709463	0.704742
1	1225	1480	0.710252	0.703948
1	1226	1479	0.711545	0.702641
1	1226	1478	0.718685	0.695336
1	1227	1477	0.720750	0.693195
1	1228	1476	0.727082	0.686551
1	1229	1475	0.732447	0.680824
1	1230	1474	0.741287	0.671188
1	1231	1473	0.748501	0.663134
1	1232	1473	0.754445	0.656363
1	1233	1472	0.762258	0.647273
1	1234	1471	0.767464	0.641092
1	1235	1470	0.769834	0.638244
1	1235	1469	0.780165	0.625574
1	1236	1468	0.786027	0.618192
1	1236	1467	0.793006	0.609213
1	1237	1466	0.796360	0.604823
1	1237	1465	0.800064	0.599915
1	1238	1464	0.805968	0.591959
1	1239	1463	0.808788	0.588101
1	1239	1462	0.799857	0.600190
1	1240	1461	0.795372	0.606121
1	1241	1460	0.784355	0.620312
1	1242	1459	0.770596	0.637324
1	1243	1458	0.759145	0.650921
1	1244	1457	0.741829	0.670590
1	1245	1456	0.723983	0.689817
1	1245	1455	0.699539	0.714594
1	1246	1454	0.678091	0.734978
1	1247	1453	0.652486	0.757801
1	1248	1452	0.627620	0.778520
1	1249	1451	0.605259	0.796029
1	1250	1451	0.549594	0.835432
1	1251	1450	0.510789	0.859706
1	1252	1449	0.472490	0.881336
1	1253	1449	0.395498	0.918467
1	1254	1449	0.312688	0.949856
1	1255	1449	0.234656	0.972078
1	1256	1449	0.149782	0.988719
1	1257	1449	0.072624	0.997359
1	1258	1448	-0.007352	0.999973
1	1259	1448	-0.077242	0.997012
1	1260	1449	-0.135237	0.990813
1	1261	1449	-0.193401	0.981120
1	1262	1449	-0.247882	0.968790
1	1263	1449	-0.298206	0.954502
1	1264	1450	-0.335751	0.941951
1	1265	1450	-0.376577	0.926385
1	1266	1451	-0.406763	0.913534
1	1267	1451	-0.448169	0.893949
1	1268	1452	-0.478654	0.878004
1	1269	1452	-0.509482	0.860482
1	1270	1453	-0.527902	0.849305
1	1271	1453	-0.562323	0.826917
1	1272	1454	-0.572328	0.820025
1	1273	1455	-0.582599	0.812760
1	1274	1456	-0.591765	0.806110
1	1275	1456	-0.610168	0.792272
1	1276	1457	-0.618045	0.786143
1	1277	1458	-0.629192	0.777250
1	1278	1459	-0.637502	0.770449
1	1279	1460	-0.648077	0.761575
1	1280	1461	-0.655003	0.755626
1	1281	1462	-0.663495	0.748180
1	1282	1462	-0.663299	0.748355
1	1283	1463	-0.662483	0.749077
1	1284	1464	-0.663495	0.748180
1	1285	1465	-0.666296	0.745687
1	1286	1466	-0.665100	0.746755
1	1287	1467	-0.665100	0.746755
1	1288	1468	-0.666296	0.745687
1	1289	1469	-0.668666	0.743563
1	1290	1470	-0.672163	0.740403
1	1291	1471	-0.676721	0.736240
1	1292	1471	-0.681997	0.731355
1	1293	1472	-0.682287	0.731085
1	1294	1473	-0.683117	0.730309
1	1295	1474	-0.684477	0.729034
1	1296	1475	-0.686355	0.727267
1	1297	1476	-0.683689	0.729774
1	1298	1477	-0.682068	0.731289
1	1299	1478	-0.681524	0.731795
1	1300	1479	-0.682068	0.731289
1	1301	1480	-0.683689	0.729774
1	1302	1481	-0.681743	0.731592
1	1303	1482	-0.675547	0.737317
1	1304	1483	-0.670261	0.742125
1	1305	1484	-0.661253	0.750163
1	1306	1485	-0.653629	0.756815
1	1307	1485	-0.642140	0.766588
1	1308	1486	-0.630468	0.776215
1	1309	1487	-0.621069	0.783756
1	1310	1488	-0.614321	0.789056
1	1311	1489	-0.604664	0.796481
1	1312	1489	-0.591849	0.806049
1	1313	1490	-0.586572	0.809897
1	1314	1491	-0.585591	0.810607
1	1315	1491	-0.578807	0.815464
1	1316	1492	-0.577002	0.816742
1	1317	1493	-0.580601	0.814188
1	1318	1493	-0.572961	0.819582
1	1319	1494	-0.568323	0.822805
1	1320	1495	-0.569256	0.822160
1	1321	1495	-0.576048	0.817416
1	1322	1496	-0.583719	0.811956
1	1323	1497	-0.589063	0.808087
1	1324	1498	-0.591644	0.806199
1	1325	1498	-0.598282	0.801285
1	1326	1499	-0.600000	0.800000
1	1327	1500	-0.599172	0.800620
1	1328	1500	-0.604879	0.796318
1	1329	1501	-0.603287	0.797524
1	1330	1502	-0.599172	0.800620
1	1331	1503	-0.600000	0.800000
1	1332	1504	-0.592092	0.805871
1	1333	1505	-0.589110	0.808053
1	1334	1505	-0.577100	0.816674
1	1335	1506	-0.568655	0.822576
1	1336	1507	-0.558598	0.829439
1	1337	1507	-0.538406	0.842685
1	1338	1508	-0.523540	0.852001
1	1339	1509	-0.500197	0.865912
1	1340	1509	-0.462037	0.886861
1	1341	1510	-0.427630	0.903954
1	1342	1510	-0.378538	0.925586
1	1343	1511	-0.345691	0.938348
1	1344	1511	-0.288426	0.957502
1	1345	1511	-0.209974	0.977707
1	1346	1512	-0.147305	0.989091
1	1347	1512	-0.063349	0.997991
1	1348	1512	0.032760	0.999463
1	1349	1512	0.132385	0.991198
1	1350	1512	0.228652	0.973508
1	1351	1511	0.309578	0.950874
1	1352	1511	0.404291	0.914630
1	1353	1511	0.509583	0.860422
1	1354	1510	0.568923	0.822391
1	1355	1509	0.631763	0.775161
1	1356	1509	0.719852	0.694127
1	1357	1508	0.763854	0.645389
1	1357	1507	0.843201	0.537598
1	1358	1506	0.881417	0.472338
1	1358	1505	0.931569	0.363565
1	1358	1504	0.967108	0.254367
1	1358	1503	0.986964	0.160941
1	1358	1502	0.996826	0.079605
1	1359	1501	0.999952	-0.009787
1	1358	1500	0.997297	-0.073473
1	1358	1499	0.992367	-0.123316
1	1358	1498	0.984160	-0.177283
1	1357	1497	0.978481	-0.206338
1	1357	1496	0.971698	-0.236229
1	1357	1495	0.964916	-0.262561
1	1356	1494	0.960417	-0.278567
1	1356	1493	0.953196	-0.302353
1	1356	1492	0.947450	-0.319903
1	1355	1491	0.940548	-0.339661
1	1355	1490	0.936065	-0.351827
1	1355	1489	0.929910	-0.367786
1	1354	1488	0.924482	-0.381226
1	1354	1487	0.916546	-0.399930
1	1354	1486	0.901597	-0.432577
1	1353	1485	0.891220	-0.453572
1	1353	1484	0.874431	-0.485150
1	1352	1483	0.860199	-0.509959
1	1352	1482	0.837859	-0.545887
1	1351	1481	0.825923	-0.563784
1	1350	1480	0.810117	-0.586268
1	1350	1479	0.786954	-0.617011
1	1349	1478	0.776038	-0.630687
1	1348	1477	0.758927	-0.651176
1	1347	1476	0.743801	-0.668401
1	1346	1475	0.731497	-0.681845
1	1345	1474	0.718242	-0.695794
1	1344	1473	0.708651	-0.705559
1	1343	1472	0.698702	-0.715413
1	1342	1471	0.688494	-0.725242
1	1341	1470	0.678655	-0.734457
1	1340	1469	0.669353	-0.742945
1	1339	1468	0.665660	-0.746255
1	1338	1468	0.660093	-0.751184
1	1337	1467	0.652080	-0.758150
1	1336	1466	0.645709	-0.763584
1	1335	1465	0.641168	-0.767400
1	1334	1464	0.638599	-0.769539
1	1333	1463	0.638087	-0.769964
1	1332	1463	0.638198	-0.769873
1	1331	1462	0.640088	-0.768302
1	1330	1461	0.643984	-0.765039
1	1329	1460	0.649763	-0.760137
1	1328	1459	0.657253	-0.753670
1	1327	1459	0.662827	-0.748772
1	1326	1458	0.665992	-0.745959
1	1325	1457	0.664578	-0.747219
1	1324	1456	0.664975	-0.746866
1	1323	1455	0.667159	-0.744915
1	1322	1454	0.671058	-0.741405
1	1321	1453	0.671058	-0.741405
1	1320	1452	0.672214	-0.740357
1	1319	1451	0.669519	-0.742795
1	1318	1450	0.668553	-0.743665
1	1317	1449	0.664722	-0.747091
1	1316	1448	0.656639	-0.754205
1	1315	1448	0.645229	-0.763989
1	1314	1447	0.633040	-0.774119
1	1313	1446	0.623020	-0.782206
1	1312	1445	0.615568	-0.788084
1	1311	1444	0.605162	-0.796102
1	1310	1443	0.598367	-0.801222
1	1309	1443	0.586026	-0.810292
1	1308	1442	0.577533	-0.816367
1	1307	1442	0.570525	-0.821280
1	1306	1441	0.568662	-0.822571
1	1305	1440	0.565400	-0.824817
1	1304	1440	0.557516	-0.830167
1	1303	1439	0.553603	-0.832781
1	1302	1438	0.555564	-0.831474
1	1301	1438	0.562961	-0.826483
1	1300	1437	0.564376	-0.825518
1	1299	1436	0.572287	-0.820053
1	1298	1436	0.579008	-0.815322
1	1297	1435	0.586572	-0.809897
1	1296	1434	0.591849	-0.806049
1	1295	1434	0.604664	-0.796481
1	1294	1433	0.618895	-0.785474
1	1293	1432	0.629893	-0.776682
1	1292	1431	0.643172	-0.765722
1	1291	1430	0.658262	-0.752789
1	1290	1430	0.672554	-0.740048
1	1289	1429	0.682488	-0.730897
1	1288	1428	0.693213	-0.720733
1	1287	1427	0.704339	-0.709863
1	1286	1426	0.715317	-0.698800
1	1285	1425	0.725925	-0.687774
1	1285	1424	0.738541	-0.674208
1	1284	1423	0.748841	-0.662750
1	1283	1422	0.762427	-0.647074
1	1282	1421	0.774091	-0.633075
1	1281	1420	0.787962	-0.615723
1	1280	1419	0.795372	-0.606121
1	1279	1418	0.804013	-0.594611
1	1279	1417	0.821926	-0.569595
1	1278	1416	0.830101	-0.557613
1	1277	1415	0.837996	-0.545676
1	1277	1414	0.854485	-0.519476
1	1276	1413	0.865812	-0.500370
1	1276	1412	0.883346	-0.468722
1	1275	1411	0.895568	-0.444925
1	1275	1410	0.911478	-0.411348
1	1274	1409	0.921872	-0.387494
1	1274	1408	0.934858	-0.355023
1	1274	1407	0.944834	-0.327550
1	1273	1406	0.951502	-0.307643
1	1273	1405	0.958919	-0.283680
1	1273	1404	0.963937	-0.266130
1	1272	1403	0.969043	-0.246894
1	1272	1402	0.974016	-0.226478
1	1272	1401	0.979727	-0.200338
1	1272	1400	0.985357	-0.170504
1	1272	1399	0.990674	-0.136253
1	1272	1398	0.993703	-0.112048
1	1272	1397	0.996387	-0.084933
1	1271	1396	0.998429	-0.056035
1	1271	1395	0.999304	-0.037305
1	1271	1394	0.999992	-0.004005
1	1271	1393	0.999570	0.029335
1	1271	1392	0.998843	0.048090
1	1271	1391	0.997851	0.065523
1	1272	1390	0.995694	0.092700
1	1272	1389	0.992960	0.118449
1	1272	1388	0.989964	0.141320
1	1272	1387	0.984701	0.174252
1	1272	1386	0.979211	0.202844
1	1272	1385	0.973698	0.227843
1	1273	1384	0.970335	0.241765
1	1273	1383	0.967580	0.252564
1	1273	1382	0.962762	0.270349
1	1273	1381	0.959411	0.282010
1	1274	1380	0.956321	0.292320
1	1274	1379	0.950389	0.311063
1	1274	1378	0.941920	0.335837
1	1275	1377	0.938230	0.346013
1	1275	1376	0.931227	0.364439
1	1276	1375	0.928376	0.371643
1	1276	1374	0.924030	0.382319
1	1276	1373	0.917930	0.396742
1	1277	1372	0.913106	0.407723
1	1277	1371	0.905298	0.424778
1	1278	1370	0.904022	0.427485
1	1278	1369	0.895832	0.444393
1	1279	1368	0.893961	0.448144
1	1279	1367	0.890214	0.455543
1	1280	1366	0.883531	0.468373
1	1280	1365	0.880010	0.474956
1	1281	1364	0.874080	0.485782
1	1281	1363	0.865552	0.500819
1	1282	1362	0.866124	0.499829
1	1283	1361	0.860704	0.509106
1	1283	1360	0.860941	0.508705
1	1284	1359	0.857551	0.514399
1	1284	1358	0.858483	0.512843
1	1285	1357	0.857102	0.515146
1	1286	1356	0.855103	0.518458
1	1286	1355	0.854875	0.518834
1	1287	1354	0.855541	0.517735
1	1288	1353	0.855572	0.517684
1	1288	1352	0.859566	0.511025
1	1289	1351	0.862301	0.506396
1	1289	1350	0.861823	0.507209
1	1290	1349	0.861823	0.507209
1	1290	1348	0.862301	0.506396
1	1291	1347	0.864971	0.501822
1	1292	1346	0.862301	0.506396
1	1292	1345	0.861823	0.507209
1	1293	1344	0.861823	0.507209
1	1293	1343	0.862301	0.506396
1	1294	1342	0.859566	0.511025
1	1294	1341	0.860747	0.509033
1	1295	1340	0.860016	0.510266
1	1296	1339	0.863423	0.504480
1	1296	1338	0.863183	0.504892
1	1297	1337	0.868618	0.495483
1	1298	1336	0.868062	0.496456
1	1298	1335	0.871117	0.491076
1	1299	1334	0.871918	0.489651
1	1299	1333	0.870658	0.491889
1	1300	1332	0.868656	0.495415
1	1300	1331	0.868408	0.495850
1	1301	1330	0.869075	0.494680
1	1301	1329	0.864605	0.502452
1	1302	1328	0.863183	0.504892
1	1302	1327	0.859661	0.510864
1	1303	1326	0.860941	0.508705
1	1303	1325	0.853351	0.521338
1	1304	1324	0.856680	0.515849
1	1305	1323	0.853982	0.520303
1	1306	1322	0.855342	0.518064
1	1306	1321	0.859134	0.511751
1	1307	1320	0.861871	0.507128
1	1308	1319	0.862938	0.505310
1	1308	1318	0.874694	0.484676
1	1309	1317	0.876625	0.481175
1	1309	1316	0.888617	0.458650
1	1310	1315	0.895568	0.444925
1	1310	1314	0.911478	0.411348
1	1311	1313	0.918015	0.396545
1	1311	1312	0.927651	0.373449
1	1311	1311	0.934755	0.355292
1	1312	1310	0.943203	0.332217
1	1312	1309	0.948386	0.317119
1	1312	1308	0.951518	0.307593
1	1313	1307	0.956120	0.292974
1	1313	1306	0.960417	0.278567
1	1313	1305	0.966150	0.257979
1	1313	1304	0.969739	0.244145
1	1314	1303	0.971505	0.237021
1	1314	1302	0.972354	0.233511
1	1314	1301	0.974443	0.224636
1	1314	1300	0.977661	0.210188
1	1315	1299	0.978822	0.204712
1	1315	1298	0.981511	0.191406
1	1315	1297	0.984852	0.173397
1	1315	1296	0.986371	0.164534
1	1315	1295	0.990187	0.139747
1	1315	1294	0.993719	0.111905
1	1316	1293	0.996602	0.082372
1	1316	1292	0.998047	0.062466
1	1316	1291	0.999607	0.028042
1	1316	1290	0.999978	-0.006684
1	1316	1289	0.998490	-0.054932
1	1316	1288	0.994843	-0.101425
1	1316	1287	0.987359	-0.158498
1	1316	1286	0.974410	-0.224779
1	1315	1285	0.959580	-0.281437
1	1315	1284	0.935896	-0.352276
1	1315	1283	0.904011	-0.427510
1	1315	1282	0.865441	-0.501010
1	1314	1281	0.837151	-0.546972
1	1314	1280	0.780421	-0.625254
1	1313	1279	0.739891	-0.672727
1	1312	1278	0.692920	-0.721015
1	1311	1277	0.639496	-0.768794
1	1310	1276	0.582539	-0.812803
1	1309	1275	0.525731	-0.850651
1	1308	1275	0.351518	-0.936181
1	1307	1275	0.160911	-0.986969
1	1306	1275	-0.035254	-0.999378
1	1305	1275	-0.221549	-0.975149
1	1304	1275	-0.367630	-0.929972
1	1303	1276	-0.438808	-0.898581
1	1302	1276	-0.538000	-0.842945
1	1301	1277	-0.582142	-0.813087
1	1300	1278	-0.622373	-0.782721
1	1299	1279	-0.656513	-0.754314
1	1298	1280	-0.687768	-0.725931
1	1297	1281	-0.714253	-0.699888
1	1296	1282	-0.739826	-0.672798
1	1295	1283	-0.759643	-0.650340
1	1294	1284	-0.777666	-0.628678
1	1294	1285	-0.800208	-0.599723
1	1293	1286	-0.815703	-0.578471
1	1293	1287	-0.830314	-0.557295
1	1292	1288	-0.838085	-0.545540
1	1291	1289	-0.846629	-0.532184
1	1291	1290	-0.855770	-0.517357
1	1290	1291	-0.862995	-0.505212
1	1290	1292	-0.867704	-0.497081
1	1289	1293	-0.867704	-0.497081
1	1289	1294	-0.868198	-0.496218
1	1288	1295	-0.865425	-0.501038
1	1288	1296	-0.861440	-0.507860
1	1287	1297	-0.861371	-0.507976
1	1286	1298	-0.860704	-0.509106
1	1286	1299	-0.855781	-0.517339
1	1285	1300	-0.853091	-0.521762
1	1285	1301	-0.849093	-0.528243
1	1284	1302	-0.849103	-0.528228
1	1283	1303	-0.848439	-0.529293
1	1283	1304	-0.848658	-0.528943
1	1282	1305	-0.850651	-0.525731
1	1281	1306	-0.847328	-0.531070
1	1281	1307	-0.851981	-0.523572
1	1280	1308	-0.851981	-0.523572
1	1279	1309	-0.851320	-0.524646
1	1279	1310	-0.855094	-0.518473
1	1278	1311	-0.852430	-0.522842
1	1278	1312	-0.857334	-0.514761
1	1277	1313	-0.858000	-0.513650
1	1277	1314	-0.858700	-0.512479
1	1276	1315	-0.862038	-0.506844
1	1275	1316	-0.864789	-0.502136
1	1275	1317	-0.864304	-0.502970
1	1274	1318	-0.864304	-0.502970
1	1274	1319	-0.864789	-0.502136
1	1273	1320	-0.862038	-0.506844
1	1272	1321	-0.863451	-0.504433
1	1272	1322	-0.862490	-0.506074
1	1271	1323	-0.865913	-0.500195
1	1271	1324	-0.865669	-0.500617
1	1270	1325	-0.871117	-0.491076
1	1270	1326	-0.871620	-0.490182
1	1269	1327	-0.873620	-0.486609
1	1268	1328	-0.878876	-0.477050
1	1268	1329	-0.882138	-0.470990
1	1267	1330	-0.888149	-0.459556
1	1267	1331	-0.891632	-0.452760
1	1266	1332	-0.888342	-0.459182
1	1266	1333	-0.892098	-0.451842
1	1265	1334	-0.893959	-0.448149
1	1265	1335	-0.897688	-0.440632
1	1264	1336	-0.895082	-0.445901
1	1264	1337	-0.899084	-0.437775
1	1264	1338	-0.896212	-0.443626
1	1263	1339	-0.896290	-0.443467
1	1263	1340	-0.893394	-0.449275
1	1262	1341	-0.888647	-0.458592
1	1261	1342	-0.887328	-0.461138
1	1261	1343	-0.881940	-0.471362
1	1261	1344	-0.879466	-0.475962
1	1260	1345	-0.876181	-0.481983
1	1259	1346	-0.876181	-0.481983
1	1259	1347	-0.871368	-0.490630
1	1258	1348	-0.872035	-0.489444
1	1258	1349	-0.872541	-0.488541
1	1257	1350	-0.874540	-0.484953
1	1256	1351	-0.875363	-0.483466
1	1256	1352	-0.878896	-0.477013
1	1255	1353	-0.875568	-0.483095
1	1255	1354	-0.879359	-0.476160
1	1254	1355	-0.882206	-0.470864
1	1254	1356	-0.886514	-0.462702
1	1253	1357	-0.889662	-0.456620
1	1253	1358	-0.893961	-0.448144
1	1252	1359	-0.897137	-0.441752
1	1252	1360	-0.901411	-0.432965
1	1251	1361	-0.904601	-0.426260
1	1251	1362	-0.903734	-0.428095
1	1250	1363	-0.906287	-0.422662
1	1250	1364	-0.905126	-0.425144
1	1249	1365	-0.907045	-0.421035
1	1249	1366	-0.905589	-0.424155
1	1249	1367	-0.907045	-0.421035
1	1248	1368	-0.905126	-0.425144
1	1248	1369	-0.906287	-0.422662
1	1247	1370	-0.903734	-0.428095
1	1247	1371	-0.899758	-0.436389
1	1246	1372	-0.897222	-0.441580
1	1246	1373	-0.893211	-0.449638
1	1245	1374	-0.885854	-0.463963
1	1245	1375	-0.882074	-0.471111
1	1244	1376	-0.875462	-0.483288
1	1244	1377	-0.866683	-0.498860
1	1243	1378	-0.866580	-0.499038
1	1243	1379	-0.858533	-0.512758
1	1242	1380	-0.855332	-0.518080
1	1241	1381	-0.846895	-0.531760
1	1241	1382	-0.842896	-0.538077
1	1240	1383	-0.837935	-0.545770
1	1239	1384	-0.832975	-0.553311
1	1239	1385	-0.823283	-0.567631
1	1238	1386	-0.817719	-0.575617
1	1237	1387	-0.813625	-0.581390
1	1237	1388	-0.809254	-0.587459
1	1236	1389	-0.805183	-0.593027
1	1235	1390	-0.802628	-0.596479
1	1234	1391	-0.797013	-0.603963
1	1234	1392	-0.792602	-0.609740
1	1233	1393	-0.793198	-0.608964
1	1232	1394	-0.790749	-0.612141
1	1231	1395	-0.785323	-0.619086
1	1230	1396	-0.782337	-0.622855
1	1230	1397	-0.782448	-0.622715
1	1229	1398	-0.781280	-0.624181
1	1228	1399	-0.782467	-0.622691
1	1227	1400	-0.781280	-0.624181
1	1226	1401	-0.777735	-0.628592
1	1226	1402	-0.772616	-0.634874
1	1225	1403	-0.771604	-0.636103
1	1224	1404	-0.768875	-0.639399
1	1223	1405	-0.764473	-0.644656
1	1222	1406	-0.758465	-0.651714
1	1222	1407	-0.748772	-0.662827
1	1221	1408	-0.745959	-0.665992
1	1220	1409	-0.742125	-0.670261
1	1219	1410	-0.737317	-0.675547
1	1218	1411	-0.727344	-0.686273
1	1217	1412	-0.716734	-0.697346
1	1216	1413	-0.710341	-0.703858
1	1215	1414	-0.703858	-0.710341
1	1214	1415	-0.697346	-0.716734
1	1213	1416	-0.686273	-0.727344
1	1212	1417	-0.675547	-0.737317
1	1211	1418	-0.670261	-0.742125
1	1210	1419	-0.665992	-0.745959
1	1209	1420	-0.657983	-0.753032
1	1208	1420	-0.646660	-0.762778
1	1207	1421	-0.634579	-0.772858
1	1206	1422	-0.624650	-0.780905
1	1205	1423	-0.611642	-0.791134
1	1204	1424	-0.601827	-0.798627
1	1203	1424	-0.582385	-0.812913
1	1202	1425	-0.564603	-0.825362
1	1201	1426	-0.546100	-0.837720
1	1200	1427	-0.534479	-0.845182
1	1199	1427	-0.507702	-0.861533
1	1198	1428	-0.493155	-0.869941
1	1197	1428	-0.454156	-0.890922
1	1196	1429	-0.426332	-0.904567
1	1195	1429	-0.385271	-0.922804
1	1194	1430	-0.359174	-0.933271
1	1193	1430	-0.320470	-0.947259
1	1192	1430	-0.273428	-0.961893
1	1191	1430	-0.231922	-0.972734
1	1190	1431	-0.202567	-0.979269
1	1189	1431	-0.172738	-0.984968
1	1188	1431	-0.125495	-0.992094
1	1187	1431	-0.088632	-0.996064
1	1186	1431	-0.048831	-0.998807
1	1185	1431	-0.007946	-0.999968
1	1184	1431	0.033058	-0.999453
1	1183	1431	0.073037	-0.997329
1	1182	1431	0.110255	-0.993903
1	1181	1431	0.158134	-0.987418
1	1180	1431	0.201149	-0.979561
1	1179	1431	0.240987	-0.970528
1	1178	1430	0.261836	-0.965112
1	1177	1430	0.298168	-0.954514
1	1176	1430	0.327632	-0.944805
1	1175	1429	0.349998	-0.936751
1	1174	1429	0.373360	-0.927687
1	1173	1428	0.392764	-0.919639
1	1172	1428	0.419509	-0.907751
1	1171	1427	0.432368	-0.901697
1	1170	1427	0.449638	-0.893211
1	1169	1426	0.463963	-0.885854
1	1168	1426	0.480836	-0.876810
1	1167	1425	0.491444	-0.870909
1	1166	1425	0.506269	-0.862376
1	1165	1424	0.503846	-0.863794
1	1164	1424	0.501927	-0.864910
1	1163	1423	0.504913	-0.863170
1	1162	1422	0.526890	-0.849934
1	1161	1422	0.497845	-0.867266
1	1160	1421	0.526396	-0.850240
1	1159	1420	0.554589	-0.832125
1	1158	1419	0.591773	-0.806105
1	1157	1419	0.543041	-0.839706
1	1156	1418	0.577572	-0.816339
2	957	1339	0.955161	0.296087
2	957	1338	0.937455	0.348107
2	957	1337	0.922092	0.386970
2	958	1336	0.943164	0.332326
2	958	1335	0.928877	0.370389
2	958	1334	0.912110	0.409945
2	959	1333	0.929685	0.368356
2	959	1332	0.924101	0.382149
2	960	1331	0.930337	0.366705
2	960	1330	0.927666	0.373410
2	960	1329	0.925239	0.379384
2	961	1328	0.923579	0.383408
2	961	1327	0.919796	0.392397
2	962	1326	0.920407	0.390961
2	962	1325	0.915699	0.401865
2	963	1324	0.914455	0.404688
2	963	1323	0.913566	0.406691
2	963	1322	0.910886	0.412658
2	964	1321	0.909584	0.415521
2	964	1320	0.906287	0.422662
2	965	1319	0.903734	0.428095
2	965	1318	0.899758	0.436389
2	966	1317	0.897222	0.441580
2	966	1316	0.893211	0.449638
2	967	1315	0.890701	0.454590
2	967	1314	0.886667	0.462408
2	968	1313	0.879359	0.476160
2	968	1312	0.875568	0.483095
2	969	1311	0.874080	0.485782
2	969	1310	0.865552	0.500819
2	970	1309	0.866124	0.499829
2	971	1308	0.860704	0.509106
2	971	1307	0.855781	0.517339
2	972	1306	0.847998	0.529999
2	972	1305	0.844213	0.536008
2	973	1304	0.839888	0.542760
2	974	1303	0.835563	0.549394
2	974	1302	0.831394	0.555684
2	975	1301	0.831051	0.556196
2	976	1300	0.826167	0.563426
2	976	1299	0.821572	0.570105
2	977	1298	0.821926	0.569595
2	978	1297	0.817786	0.575522
2	979	1296	0.814589	0.580039
2	979	1295	0.809265	0.587444
2	980	1294	0.811797	0.583940
2	981	1293	0.810530	0.585697
2	981	1292	0.805721	0.592296
2	982	1291	0.805034	0.593228
2	983	1290	0.801241	0.598342
2	984	1289	0.794422	0.607366
2	984	1288	0.789422	0.613851
2	985	1287	0.784713	0.619860
2	986	1286	0.777735	0.628592
2	987	1285	0.764763	0.644312
2	987	1284	0.751222	0.660050
2	988	1283	0.737528	0.675317
2	989	1282	0.718677	0.695344
2	990	1281	0.699679	0.714457
2	991	1280	0.676203	0.736716
2	992	1279	0.644977	0.764202
2	993	1278	0.606924	0.794760
2	994	1277	0.568164	0.822915
2	995	1276	0.525731	0.850651
2	996	1276	0.412954	0.910752
2	997	1275	0.329244	0.944245
2	998	1275	0.124104	0.992269
2	999	1275	-0.113071	0.993587
2	1000	1275	-0.319055	0.947736
2	1001	1275	-0.481885	0.876235
2	1002	1276	-0.530739	0.847536
2	1003	1277	-0.582398	0.812904
2	1004	1278	-0.630121	0.776497
2	1005	1279	-0.675387	0.737463
2	1006	1280	-0.712160	0.702018
2	1007	1281	-0.746608	0.665264
2	1008	1282	-0.771196	0.636598
2	1009	1283	-0.793008	0.609212
2	1009	1284	-0.822794	0.568340
2	1010	1285	-0.837649	0.546209
2	1010	1286	-0.859959	0.510364
2	1010	1287	-0.874488	0.485047
2	1011	1288	-0.887096	0.461585
2	1011	1289	-0.901160	0.433488
2	1012	1290	-0.909198	0.416364
2	1012	1291	-0.917828	0.396978
2	1013	1292	-0.924484	0.381221
2	1013	1293	-0.927325	0.374256
2	1014	1294	-0.927211	0.374539
2	1014	1295	-0.932832	0.360312
2	1014	1296	-0.936197	0.351475
2	1015	1297	-0.937319	0.348472
2	1015	1298	-0.943268	0.332032
2	1015	1299	-0.947081	0.320994
2	1016	1300	-0.952780	0.303661
2	1016	1301	-0.957763	0.287558
2	1016	1302	-0.960967	0.276663
2	1017	1303	-0.961939	0.273264
2	1017	1304	-0.965994	0.258566
2	1017	1305	-0.967998	0.250956
2	1017	1306	-0.971255	0.238041
2	1018	1307	-0.975330	0.220753
2	1018	1308	-0.978216	0.207591
2	1018	1309	-0.981824	0.189796
2	1018	1310	-0.985940	0.167101
2	1018	1311	-0.988161	0.153418
2	1019	1312	-0.990458	0.137817
2	1019	1313	-0.991802	0.127785
2	1019	1314	-0.991864	0.127299
2	1019	1315	-0.992393	0.123112
2	1019	1316	-0.993341	0.115215
2	1019	1317	-0.994623	0.103562
2	1019	1318	-0.994753	0.102308
2	1019	1319	-0.996315	0.085768
2	1019	1320	-0.997701	0.067770
2	1019	1321	-0.998832	0.048323
2	1019	1322	-0.999623	0.027456
2	1020	1323	-0.999803	0.019856
2	1020	1324	-0.999929	0.011918
2	1020	1325	-0.999992	0.003973
2	1020	1326	-0.999992	-0.003973
2	1020	1327	-0.999929	-0.011918
2	1020	1328	-0.999803	-0.019856
2	1019	1329	-0.999623	-0.027456
2	1019	1330	-0.999378	-0.035274
2	1019	1331	-0.999072	-0.043073
2	1019	1332	-0.997961	-0.063827
2	1019	1333	-0.996540	-0.083117
2	1019	1334	-0.996215	-0.086927
2	1019	1335	-0.996103	-0.088194
2	1019	1336	-0.996215	-0.086927
2	1019	1337	-0.996540	-0.083117
2	1019	1338	-0.997051	-0.076742
2	1019	1339	-0.997701	-0.067770
2	1019	1340	-0.997517	-0.070430
2	1019	1341	-0.996387	-0.084933
2	1018	1342	-0.995356	-0.096263
2	1018	1343	-0.994464	-0.105082
2	1018	1344	-0.993783	-0.111336
2	1018	1345	-0.993357	-0.115069
2	1018	1346	-0.993213	-0.116310
2	1018	1347	-0.991789	-0.127887
2	1018	1348	-0.990745	-0.135739
2	1018	1349	-0.990162	-0.139923
2	1018	1350	-0.990087	-0.140453
2	1017	1351	-0.988925	-0.148418
2	1017	1352	-0.988376	-0.152028
2	1017	1353	-0.986371	-0.164534
2	1017	1354	-0.982528	-0.186117
2	1017	1355	-0.979211	-0.202844
2	1017	1356	-0.973698	-0.227843
2	1016	1357	-0.972072	-0.234684
2	1016	1358	-0.971483	-0.237108
2	1016	1359	-0.973155	-0.230149
2	1016	1360	-0.977478	-0.211039
2	1015	1361	-0.966022	-0.258458
2	1015	1362	-0.968001	-0.250948
2	1015	1363	-0.972383	-0.233391
2	1014	1364	-0.946102	-0.323867
2	1014	1365	-0.955360	-0.295446
2	1013	1366	-0.925384	-0.379032
3	957	1339	-0.142181	0.989841
3	958	1340	-0.002597	0.999997
3	959	1340	-0.005141	0.999987
3	960	1340	-0.007537	0.999972
3	961	1340	-0.009660	0.999953
3	962	1340	-0.011387	0.999935
3	963	1340	-0.033698	0.999432
3	964	1340	-0.049624	0.998768
3	965	1340	-0.059511	0.998228
3	966	1340	-0.064260	0.997933
3	967	1340	-0.065029	0.997883
3	968	1340	-0.071715	0.997425
3	969	1340	-0.088763	0.996053
3	970	1340	-0.103229	0.994658
3	971	1340	-0.115141	0.993349
3	972	1340	-0.137817	0.990458
3	973	1341	-0.153418	0.988161
3	974	1341	-0.179880	0.983689
3	975	1341	-0.201227	0.979545
3	976	1341	-0.230567	0.973057
3	977	1341	-0.253990	0.967207
3	978	1342	-0.277588	0.960700
3	979	1342	-0.297699	0.954660
3	980	1342	-0.323849	0.946109
3	981	1342	-0.343339	0.939212
3	982	1343	-0.355558	0.934654
3	983	1343	-0.380081	0.924953
3	984	1344	-0.396329	0.918108
3	985	1344	-0.421642	0.906762
3	986	1345	-0.441752	0.897137
3	987	1345	-0.457044	0.889444
3	988	1346	-0.467361	0.884066
3	989	1346	-0.491135	0.871083
3	990	1347	-0.507938	0.861394
3	991	1347	-0.530062	0.847959
3	992	1348	-0.541515	0.840691
3	993	1349	-0.559177	0.829048
3	994	1349	-0.579960	0.814645
3	995	1350	-0.595756	0.803165
3	996	1351	-0.609089	0.793102
3	997	1351	-0.632836	0.774285
3	998	1352	-0.642958	0.765901
3	999	1353	-0.655001	0.755628
3	1000	1354	-0.663778	0.747930
3	1001	1355	-0.673790	0.738923
3	1002	1356	-0.680061	0.733156
3	1003	1357	-0.682033	0.731322
3	1004	1358	-0.687913	0.725793
3	1005	1359	-0.690895	0.722955
3	1006	1360	-0.695888	0.718151
3	1007	1361	-0.702958	0.711232
3	1008	1362	-0.703440	0.710755
3	1009	1363	-0.704090	0.710111
3	1010	1364	-0.704871	0.709335
3	1011	1365	-0.705739	0.708472
3	1012	1366	-0.706647	0.707566
3	1013	1366	-0.651995	0.758223
4	957	1339	-0.707107	-0.707107
4	956	1340	-0.707107	-0.707107
4	955	1341	-0.707107	-0.707107
5	955	1341	-0.971840	-0.235644
5	955	1342	-0.960862	-0.277026
5	955	1343	-0.951300	-0.308268
5	955	1344	-0.936797	-0.349873
5	954	1345	-0.959737	-0.280900
5	954	1346	-0.952662	-0.304032
5	954	1347	-0.949585	-0.313511
5	953	1348	-0.960158	-0.279458
5	953	1349	-0.956590	-0.291437
5	953	1350	-0.956650	-0.291241
5	952	1351	-0.956321	-0.292320
5	952	1352	-0.954871	-0.297021
5	952	1353	-0.955161	-0.296087
5	951	1354	-0.953679	-0.300825
5	951	1355	-0.955550	-0.294829
5	951	1356	-0.955550	-0.294829
5	951	1357	-0.953679	-0.300825
5	950	1358	-0.955161	-0.296087
5	950	1359	-0.954871	-0.297021
5	950	1360	-0.952695	-0.303929
5	949	1361	-0.953694	-0.300778
5	949	1362	-0.953110	-0.302625
5	949	1363	-0.954278	-0.298921
5	948	1364	-0.957668	-0.287874
5	948	1365	-0.956226	-0.292628
5	948	1366	-0.956515	-0.291683
5	947	1367	-0.958437	-0.285304
5	947	1368	-0.963187	-0.268833
5	947	1369	-0.962630	-0.270821
5	946	1370	-0.963153	-0.268953
5	946	1371	-0.966887	-0.255203
5	946	1372	-0.968606	-0.248600
5	946	1373	-0.971581	-0.236706
5	946	1374	-0.972866	-0.231368
5	945	1375	-0.972866	-0.231368
5	945	1376	-0.974443	-0.224636
5	945	1377	-0.977182	-0.212403
5	945	1378	-0.978137	-0.207963
5	944	1379	-0.979958	-0.199203
5	944	1380	-0.980656	-0.195738
5	944	1381	-0.979742	-0.200262
5	944	1382	-0.979742	-0.200262
5	944	1383	-0.980656	-0.195738
5	943	1384	-0.982398	-0.186799
5	943	1385	-0.985262	-0.171050
5	943	1386	-0.984229	-0.176899
5	943	1387	-0.984019	-0.178062
5	943	1388	-0.984645	-0.174566
5	943	1389	-0.986070	-0.166331
5	942	1390	-0.986070	-0.166331
5	942	1391	-0.986764	-0.162164
5	942	1392	-0.988005	-0.154425
5	942	1393	-0.989717	-0.143037
5	942	1394	-0.991789	-0.127887
5	942	1395	-0.992412	-0.122956
5	941	1396	-0.991620	-0.129189
5	941	1397	-0.991523	-0.129933
5	941	1398	-0.991906	-0.126977
5	941	1399	-0.992734	-0.120328
5	941	1400	-0.993937	-0.109948
5	941	1401	-0.993937	-0.109948
5	941	1402	-0.994210	-0.107451
5	941	1403	-0.994739	-0.102439
5	941	1404	-0.995489	-0.094876
5	941	1405	-0.996405	-0.084714
5	940	1406	-0.997419	-0.071807
5	940	1407	-0.997517	-0.070430
5	940	1408	-0.997701	-0.067770
5	940	1409	-0.997961	-0.063827
5	940	1410	-0.998954	-0.045728
5	940	1411	-0.999622	-0.027492
5	940	1412	-0.999958	-0.009173
5	940	1413	-0.999958	0.009173
5	940	1414	-0.999622	0.027492
5	940	1415	-0.998954	0.045728
5	940	1416	-0.997961	0.063827
5	940	1417	-0.997701	0.067770
5	940	1418	-0.997517	0.070430
5	940	1419	-0.996387	0.084933
5	941	1420	-0.995356	0.096263
5	941	1421	-0.994464	0.105082
5	941	1422	-0.993783	0.111336
5	941	1423	-0.993357	0.115069
5	941	1424	-0.991630	0.129115
5	941	1425	-0.990237	0.139397
5	941	1426	-0.989285	0.146000
5	941	1427	-0.988841	0.148975
5	941	1428	-0.986892	0.161385
5	942	1429	-0.986139	0.165920
5	942	1430	-0.985940	0.167101
5	942	1431	-0.981824	0.189796
5	942	1432	-0.978216	0.207591
5	942	1433	-0.975330	0.220753
5	943	1434	-0.971255	0.238041
5	943	1435	-0.967998	0.250956
5	943	1436	-0.965994	0.258566
5	943	1437	-0.961939	0.273264
5	944	1438	-0.960967	0.276663
5	944	1439	-0.957763	0.287558
5	944	1440	-0.952780	0.303661
5	945	1441	-0.947081	0.320994
5	945	1442	-0.943268	0.332032
5	945	1443	-0.937319	0.348472
5	946	1444	-0.936197	0.351475
5	946	1445	-0.928534	0.371246
5	946	1446	-0.923118	0.384517
5	947	1447	-0.919496	0.393098
5	947	1448	-0.917169	0.398499
5	948	1449	-0.911724	0.410804
5	948	1450	-0.903605	0.428366
5	949	1451	-0.901697	0.432368
5	949	1452	-0.893211	0.449638
5	950	1453	-0.885854	0.463963
5	950	1454	-0.882074	0.471111
5	951	1455	-0.875462	0.483288
5	951	1456	-0.866683	0.498860
5	952	1457	-0.861394	0.507938
5	952	1458	-0.847959	0.530062
5	953	1459	-0.846213	0.532845
5	954	1460	-0.839228	0.543780
5	954	1461	-0.830187	0.557485
5	955	1462	-0.822043	0.569425
5	956	1463	-0.814589	0.580039
5	956	1464	-0.800405	0.599459
5	957	1465	-0.793475	0.608603
5	958	1466	-0.783756	0.621069
5	959	1467	-0.776215	0.630468
5	960	1468	-0.766588	0.642140
5	960	1469	-0.752818	0.658229
5	961	1470	-0.742316	0.670049
5	962	1471	-0.730622	0.682783
5	963	1472	-0.722537	0.691333
5	964	1473	-0.713882	0.700266
5	965	1474	-0.700266	0.713882
5	966	1475	-0.691333	0.722537
5	967	1476	-0.682783	0.730622
5	968	1477	-0.670049	0.742316
5	969	1478	-0.658229	0.752818
5	970	1478	-0.642140	0.766588
5	971	1479	-0.630468	0.776215
5	972	1480	-0.621069	0.783756
5	973	1481	-0.608603	0.793475
5	974	1482	-0.599459	0.800405
5	975	1482	-0.586572	0.809897
5	976	1483	-0.575376	0.817889
5	977	1484	-0.569254	0.822162
5	978	1484	-0.562815	0.826583
5	979	1485	-0.556541	0.830820
5	980	1486	-0.557011	0.830505
5	981	1486	-0.550043	0.835136
5	982	1487	-0.542408	0.840115
5	983	1487	-0.541450	0.840733
5	984	1488	-0.543077	0.839683
5	985	1489	-0.544094	0.839024
5	986	1489	-0.543464	0.839432
5	987	1490	-0.538328	0.842735
5	988	1491	-0.541418	0.840754
5	989	1491	-0.533512	0.845792
5	990	1492	-0.523932	0.851760
5	991	1493	-0.523920	0.851767
5	992	1493	-0.509470	0.860488
5	993	1494	-0.498430	0.866930
5	994	1495	-0.480864	0.876795
5	995	1495	-0.451714	0.892163
5	996	1496	-0.442961	0.896541
5	997	1496	-0.411525	0.911399
5	998	1497	-0.393467	0.919339
5	999	1497	-0.364140	0.931344
5	1000	1497	-0.327021	0.945017
5	1001	1498	-0.301452	0.953481
5	1002	1498	-0.259507	0.965741
5	1003	1498	-0.210110	0.977678
5	1004	1498	-0.167991	0.985788
5	1005	1498	-0.134647	0.990894
5	1006	1499	-0.087030	0.996206
5	1007	1499	-0.046299	0.998928
5	1008	1499	-0.004070	0.999992
5	1009	1499	0.038168	0.999271
5	1010	1499	0.079031	0.996872
5	1011	1499	0.132088	0.991238
5	1012	1498	0.160786	0.986989
5	1013	1498	0.203281	0.979120
5	1014	1498	0.253203	0.967413
5	1015	1498	0.295672	0.955289
5	1016	1497	0.332386	0.943144
5	1017	1497	0.369923	0.929062
5	1018	1497	0.411484	0.911417
5	1019	1496	0.439351	0.898315
5	1020	1496	0.468515	0.883456
5	1021	1495	0.484675	0.874694
5	1022	1495	0.513191	0.858274
5	1023	1494	0.537471	0.843282
5	1024	1493	0.562299	0.826934
5	1025	1493	0.592830	0.805327
5	1026	1492	0.609633	0.792684
5	1027	1491	0.629828	0.776735
5	1028	1490	0.651509	0.758641
5	1029	1489	0.669022	0.743243
5	1030	1489	0.691008	0.722847
5	1031	1488	0.707107	0.707107
5	1032	1487	0.722847	0.691008
5	1032	1486	0.738370	0.674395
5	1033	1485	0.754256	0.656581
5	1034	1484	0.768293	0.640098
5	1035	1483	0.780936	0.624611
5	1036	1482	0.790854	0.612005
5	1036	1481	0.803404	0.595435
5	1037	1480	0.814683	0.579907
5	1038	1479	0.822162	0.569254
5	1038	1478	0.831474	0.555564
5	1039	1477	0.835104	0.550092
5	1040	1476	0.838697	0.544599
5	1040	1475	0.847998	0.529999
5	1041	1474	0.855781	0.517339
5	1041	1473	0.865457	0.500984
5	1042	1472	0.870242	0.492625
5	1043	1471	0.873452	0.486911
5	1043	1470	0.881476	0.472229
5	1044	1469	0.886158	0.463384
5	1044	1468	0.893587	0.448890
5	1045	1467	0.902534	0.430618
5	1045	1466	0.909538	0.415620
5	1046	1465	0.912465	0.409155
5	1046	1464	0.922821	0.385230
5	1046	1463	0.930620	0.365986
5	1047	1462	0.936578	0.350459
5	1047	1461	0.942847	0.333227
5	1048	1460	0.945451	0.325765
5	1048	1459	0.953179	0.302407
5	1048	1458	0.958431	0.285324
5	1048	1457	0.965093	0.261909
5	1049	1456	0.969018	0.246992
5	1049	1455	0.975200	0.221327
5	1049	1454	0.979028	0.203727
5	1049	1453	0.983435	0.181263
5	1050	1452	0.987673	0.156531
5	1050	1451	0.990653	0.136403
5	1050	1450	0.993654	0.112479
5	1050	1449	0.995058	0.099299
5	1050	1448	0.996504	0.083546
5	1050	1447	0.997872	0.065198
5	1050	1446	0.999020	0.044256
5	1050	1445	0.999383	0.035137
5	1050	1444	0.999931	0.011732
5	1050	1443	0.999931	-0.011732
5	1050	1442	0.999383	-0.035137
5	1050	1441	0.999020	-0.044256
5	1050	1440	0.997872	-0.065198
5	1050	1439	0.996504	-0.083546
5	1050	1438	0.995058	-0.099299
5	1050	1437	0.992058	-0.125781
5	1050	1436	0.988926	-0.148413
5	1050	1435	0.985911	-0.167272
5	1049	1434	0.984151	-0.177332
5	1049	1433	0.979826	-0.199855
5	1049	1432	0.976059	-0.217504
5	1049	1431	0.969965	-0.243244
5	1048	1430	0.966072	-0.258273
5	1048	1429	0.962908	-0.269828
5	1048	1428	0.957573	-0.288191
5	1047	1427	0.954670	-0.297665
5	1047	1426	0.953796	-0.300454
5	1047	1425	0.951010	-0.309162
5	1047	1424	0.950250	-0.311487
5	1046	1423	0.946072	-0.323956
5	1046	1422	0.943147	-0.332375
5	1045	1421	0.939264	-0.343196
5	1045	1420	0.938660	-0.344844
5	1045	1419	0.931975	-0.362523
5	1044	1418	0.929712	-0.368287
5	1044	1417	0.925686	-0.378294
5	1044	1416	0.919915	-0.392119
5	1043	1415	0.915699	-0.401865
5	1043	1414	0.913037	-0.407876
5	1042	1413	0.911724	-0.410804
5	1042	1412	0.908440	-0.418016
5	1041	1411	0.905879	-0.423536
5	1041	1410	0.901984	-0.431769
5	1040	1409	0.898153	-0.439682
5	1040	1408	0.893587	-0.448890
5	1039	1407	0.889770	-0.456409
5	1039	1406	0.885194	-0.465223
5	1038	1405	0.886514	-0.462702
5	1038	1404	0.882206	-0.470864
5	1037	1403	0.879359	-0.476160
5	1037	1402	0.875568	-0.483095
5	1036	1401	0.874080	-0.485782
5	1036	1400	0.863154	-0.504940
5	1035	1399	0.864946	-0.501865
5	1034	1398	0.856636	-0.515921
5	1034	1397	0.865552	-0.500819
5	1033	1396	0.852490	-0.522743
5	1033	1395	0.871327	-0.490703
5	1032	1394	0.854432	-0.519564
5	1031	1393	0.836513	-0.547947
5	1031	1392	0.863156	-0.504937
5	1030	1391	0.845792	-0.533512
5	1029	1391	0.779458	-0.626455
6	955	1341	0.023541	-0.999723
6	954	1341	-0.010469	-0.999945
6	953	1340	-0.173503	-0.984833
6	952	1340	-0.189554	-0.981870
6	951	1340	-0.197272	-0.980349
6	950	1341	-0.127339	-0.991859
6	949	1341	-0.152754	-0.988264
6	948	1341	-0.166588	-0.986027
6	947	1341	-0.170562	-0.985347
6	946	1341	-0.166826	-0.985986
6	945	1341	-0.170587	-0.985343
6	944	1342	-0.188419	-0.982089
6	943	1342	-0.203873	-0.978997
6	942	1342	-0.215117	-0.976588
6	941	1342	-0.220803	-0.975318
6	940	1343	-0.219186	-0.975683
6	939	1343	-0.224636	-0.974443
6	938	1343	-0.237766	-0.971323
6	937	1343	-0.245475	-0.969403
6	936	1343	-0.247945	-0.968774
6	935	1344	-0.241485	-0.970404
6	934	1344	-0.242536	-0.970143
6	933	1344	-0.250209	-0.968192
6	932	1345	-0.251820	-0.967774
6	931	1345	-0.257979	-0.966150
6	930	1345	-0.257979	-0.966150
6	929	1345	-0.264523	-0.964379
6	928	1346	-0.264523	-0.964379
6	927	1346	-0.269526	-0.962993
6	926	1346	-0.268531	-0.963271
6	925	1346	-0.261488	-0.965207
6	924	1347	-0.269828	-0.962908
6	923	1347	-0.271811	-0.962351
6	922	1347	-0.267835	-0.963465
6	921	1348	-0.269438	-0.963018
6	920	1348	-0.275376	-0.961337
6	919	1348	-0.275376	-0.961337
6	918	1348	-0.269438	-0.963018
6	917	1349	-0.279233	-0.960223
6	916	1349	-0.282144	-0.959372
6	915	1349	-0.279233	-0.960223
6	914	1350	-0.269438	-0.963018
6	913	1350	-0.275376	-0.961337
6	912	1350	-0.275376	-0.961337
6	911	1350	-0.269438	-0.963018
6	910	1351	-0.279233	-0.960223
6	909	1351	-0.282144	-0.959372
6	908	1351	-0.279233	-0.960223
6	907	1352	-0.280828	-0.959758
6	906	1352	-0.285656	-0.958332
6	905	1352	-0.284696	-0.958618
6	904	1352	-0.289784	-0.957092
6	903	1353	-0.296087	-0.955161
6	902	1353	-0.308502	-0.951224
6	901	1353	-0.314436	-0.949279
6	900	1354	-0.309738	-0.950822
6	899	1354	-0.321871	-0.946783
6	898	1354	-0.327733	-0.944770
6	897	1355	-0.334076	-0.942546
6	896	1355	-0.344844	-0.938660
6	895	1355	-0.349752	-0.936842
6	894	1356	-0.354232	-0.935158
6	893	1356	-0.352631	-0.935762
6	892	1357	-0.364498	-0.931204
6	891	1357	-0.366807	-0.930297
6	890	1357	-0.373840	-0.927493
6	889	1358	-0.379405	-0.925231
6	888	1358	-0.389180	-0.921162
6	887	1359	-0.399455	-0.916753
6	886	1359	-0.410149	-0.912019
6	885	1359	-0.425280	-0.905062
6	884	1360	-0.434084	-0.900873
6	883	1360	-0.448531	-0.893767
6	882	1361	-0.456620	-0.889662
6	881	1361	-0.480151	-0.877186
6	880	1362	-0.486062	-0.873924
6	879	1362	-0.499423	-0.866358
6	878	1363	-0.511326	-0.859387
6	877	1364	-0.524291	-0.851539
6	876	1364	-0.546598	-0.837395
6	875	1365	-0.561042	-0.827788
6	874	1366	-0.573881	-0.818939
6	873	1366	-0.586478	-0.809965
6	872	1367	-0.591233	-0.806501
6	871	1368	-0.600825	-0.799380
6	870	1368	-0.612890	-0.790168
6	869	1369	-0.620636	-0.784099
6	868	1370	-0.625694	-0.780069
6	867	1371	-0.633456	-0.773779
6	866	1372	-0.643597	-0.765365
6	865	1373	-0.650046	-0.759895
6	864	1374	-0.658155	-0.752882
6	863	1374	-0.669030	-0.743235
6	862	1375	-0.673215	-0.739446
6	861	1376	-0.678399	-0.734694
6	860	1377	-0.684477	-0.729034
6	859	1378	-0.686355	-0.727267
6	858	1379	-0.688730	-0.725018
6	857	1380	-0.691579	-0.722301
6	856	1381	-0.694874	-0.719131
6	855	1382	-0.698584	-0.715528
6	854	1383	-0.702674	-0.711512
6	853	1384	-0.707107	-0.707107
6	852	1385	-0.711512	-0.702674
6	851	1386	-0.715528	-0.698584
6	850	1387	-0.719131	-0.694874
6	849	1388	-0.722301	-0.691579
6	848	1389	-0.725018	-0.688730
6	847	1390	-0.727267	-0.686355
6	846	1391	-0.729034	-0.684477
6	845	1392	-0.730309	-0.683117
6	844	1393	-0.731085	-0.682287
6	843	1394	-0.731355	-0.681997
6	843	1395	-0.731355	-0.681997
6	842	1396	-0.731085	-0.682287
6	841	1397	-0.730309	-0.683117
6	840	1398	-0.729034	-0.684477
6	839	1399	-0.732066	-0.681233
6	838	1400	-0.734106	-0.679035
6	837	1401	-0.735131	-0.677925
6	836	1402	-0.739595	-0.673052
6	835	1403	-0.742555	-0.669785
6	834	1404	-0.743956	-0.668229
6	833	1405	-0.743767	-0.668439
6	832	1406	-0.751867	-0.659315
6	831	1407	-0.758571	-0.651590
6	830	1408	-0.767819	-0.640667
6	830	1409	-0.782206	-0.623020
6	829	1410	-0.789298	-0.614010
6	828	1411	-0.798591	-0.601874
6	828	1412	-0.808633	-0.588313
6	827	1413	-0.814425	-0.580269
6	826	1414	-0.821867	-0.569680
6	825	1415	-0.825545	-0.564336
6	825	1416	-0.829788	-0.558078
6	824	1417	-0.828486	-0.560010
6	824	1418	-0.828860	-0.559456
6	823	1419	-0.827232	-0.561860
6	822	1420	-0.831474	-0.555564
6	822	1421	-0.831857	-0.554989
6	821	1422	-0.830209	-0.557453
6	820	1423	-0.834480	-0.551038
6	820	1424	-0.834874	-0.550441
6	819	1425	-0.833205	-0.552964
6	818	1426	-0.831896	-0.554931
6	817	1427	-0.830929	-0.556378
6	817	1428	-0.834710	-0.550690
6	816	1429	-0.837707	-0.546120
6	816	1430	-0.842719	-0.538354
6	815	1431	-0.844042	-0.536277
6	814	1432	-0.845782	-0.533528
6	814	1433	-0.850429	-0.526089
6	813	1434	-0.850429	-0.526089
6	812	1435	-0.855572	-0.517684
6	812	1436	-0.859566	-0.511025
6	811	1437	-0.862301	-0.506396
6	811	1438	-0.861823	-0.507209
6	810	1439	-0.866580	-0.499038
6	810	1440	-0.866826	-0.498611
6	809	1441	-0.868827	-0.495115
6	808	1442	-0.870284	-0.492551
6	808	1443	-0.869284	-0.494312
6	807	1444	-0.872748	-0.488172
6	807	1445	-0.872494	-0.488624
6	806	1446	-0.872494	-0.488624
6	806	1447	-0.872748	-0.488172
6	805	1448	-0.874080	-0.485782
6	805	1449	-0.874848	-0.484398
6	804	1450	-0.872701	-0.488256
6	803	1451	-0.874848	-0.484398
6	803	1452	-0.874080	-0.485782
6	802	1453	-0.872748	-0.488172
6	802	1454	-0.872494	-0.488624
6	801	1455	-0.872494	-0.488624
6	801	1456	-0.872748	-0.488172
6	800	1457	-0.874080	-0.485782
6	800	1458	-0.874848	-0.484398
6	799	1459	-0.872701	-0.488256
6	798	1460	-0.874848	-0.484398
6	798	1461	-0.874080	-0.485782
6	797	1462	-0.872748	-0.488172
6	797	1463	-0.872494	-0.488624
6	796	1464	-0.867704	-0.497081
6	796	1465	-0.868198	-0.496218
6	795	1466	-0.865425	-0.501038
6	795	1467	-0.861440	-0.507860
6	794	1468	-0.861371	-0.507976
6	793	1469	-0.860704	-0.509106
6	793	1470	-0.860941	-0.508705
6	792	1471	-0.857551	-0.514399
6	792	1472	-0.853328	-0.521375
6	791	1473	-0.852646	-0.522489
6	790	1474	-0.851316	-0.524653
6	790	1475	-0.846231	-0.532816
6	789	1476	-0.843170	-0.537647
6	788	1477	-0.840526	-0.541771
6	788	1478	-0.840320	-0.542090
6	787	1479	-0.841641	-0.540038
6	787	1480	-0.837450	-0.546513
6	786	1481	-0.837076	-0.547086
6	785	1482	-0.832127	-0.554585
6	785	1483	-0.832901	-0.553422
6	784	1484	-0.832551	-0.553949
6	783	1485	-0.827649	-0.561246
6	782	1486	-0.828627	-0.559801
6	782	1487	-0.828067	-0.560629
6	781	1488	-0.823217	-0.567727
6	781	1489	-0.818637	-0.574311
6	780	1490	-0.813788	-0.581162
6	779	1491	-0.810530	-0.585697
6	778	1492	-0.809265	-0.587444
6	778	1493	-0.804464	-0.594002
6	777	1494	-0.803783	-0.594923
6	776	1495	-0.800000	-0.600000
6	776	1496	-0.790531	-0.612422
6	775	1497	-0.779598	-0.626280
6	774	1498	-0.770851	-0.637015
6	773	1499	-0.760005	-0.649917
6	772	1500	-0.752454	-0.658644
6	771	1501	-0.743534	-0.668698
6	771	1502	-0.731205	-0.682158
6	770	1503	-0.717133	-0.696936
6	769	1504	-0.707107	-0.707107
6	768	1505	-0.696936	-0.717133
6	767	1506	-0.686836	-0.726813
6	766	1506	-0.673625	-0.739074
6	765	1507	-0.663137	-0.748498
6	764	1508	-0.653875	-0.756603
6	763	1509	-0.646075	-0.763274
6	762	1510	-0.639906	-0.768454
6	761	1511	-0.629791	-0.776765
6	760	1511	-0.623740	-0.781632
6	759	1512	-0.621497	-0.783416
6	758	1513	-0.616184	-0.787602
6	757	1514	-0.614636	-0.788811
6	756	1514	-0.614792	-0.788689
6	755	1515	-0.610880	-0.791723
6	754	1516	-0.603645	-0.797253
6	753	1517	-0.600320	-0.799760
6	752	1518	-0.601096	-0.799177
6	751	1518	-0.595120	-0.803637
6	750	1519	-0.595120	-0.803637
6	749	1520	-0.592499	-0.805571
6	748	1520	-0.585479	-0.810687
6	747	1521	-0.581948	-0.813226
6	746	1522	-0.583719	-0.811956
6	745	1523	-0.576048	-0.817416
6	744	1523	-0.569256	-0.822160
6	743	1524	-0.561246	-0.827649
6	742	1525	-0.559801	-0.828627
6	741	1525	-0.553311	-0.832975
6	740	1526	-0.545770	-0.837935
6	739	1527	-0.545188	-0.838314
6	738	1527	-0.538682	-0.842509
6	737	1528	-0.524291	-0.851539
6	736	1529	-0.518031	-0.855362
6	735	1529	-0.504115	-0.863637
6	734	1530	-0.495212	-0.868772
6	733	1530	-0.479453	-0.877568
6	732	1531	-0.467090	-0.884210
6	731	1531	-0.451117	-0.892465
6	730	1532	-0.428878	-0.903362
6	729	1533	-0.420572	-0.907259
6	728	1533	-0.401045	-0.916058
6	727	1533	-0.374591	-0.927190
6	726	1534	-0.357178	-0.934036
6	725	1534	-0.334792	-0.942292
6	724	1534	-0.305506	-0.952190
6	723	1535	-0.297179	-0.954822
6	722	1535	-0.272956	-0.962026
6	721	1535	-0.255203	-0.966887
6	720	1535	-0.230827	-0.972995
6	719	1536	-0.214952	-0.976625
6	718	1536	-0.202844	-0.979211
6	717	1536	-0.186117	-0.982528
6	716	1536	-0.176899	-0.984229
6	715	1536	-0.175734	-0.984438
6	714	1536	-0.169874	-0.985466
6	713	1537	-0.158987	-0.987281
6	712	1537	-0.156007	-0.987756
6	711	1537	-0.149437	-0.988771
6	710	1537	-0.139222	-0.990261
6	709	1537	-0.125267	-0.992123
6	708	1537	-0.121565	-0.992583
6	707	1537	-0.115362	-0.993324
6	706	1538	-0.107293	-0.994227
6	705	1538	-0.108139	-0.994136
6	704	1538	-0.105216	-0.994449
6	703	1538	-0.098538	-0.995133
6	702	1538	-0.102308	-0.994753
6	701	1538	-0.103562	-0.994623
6	700	1538	-0.102308	-0.994753
6	699	1538	-0.098538	-0.995133
6	698	1538	-0.092225	-0.995738
6	697	1538	-0.083331	-0.996522
6	696	1538	-0.071807	-0.997419
6	695	1539	-0.071807	-0.997419
6	694	1539	-0.070430	-0.997517
6	693	1539	-0.067770	-0.997701
6	692	1539	-0.063827	-0.997961
6	691	1539	-0.058597	-0.998282
6	690	1539	-0.052075	-0.998643
6	689	1539	-0.044256	-0.999020
6	688	1539	-0.048135	-0.998841
6	687	1539	-0.049426	-0.998778
6	686	1539	-0.048135	-0.998841
6	685	1539	-0.031245	-0.999512
6	684	1539	-0.027349	-0.999626
6	683	1539	-0.023449	-0.999725
6	682	1539	-0.019546	-0.999809
6	681	1539	-0.015640	-0.999878
6	680	1539	-0.011732	-0.999931
6	679	1539	-0.007822	-0.999969
6	678	1540	-0.003989	-0.999992
6	677	1540	-0.000000	-1.000000
6	676	1540	0.003989	-0.999992
6	675	1539	0.007822	-0.999969
6	674	1539	0.011732	-0.999931
6	673	1539	0.028685	-0.999588
6	672	1539	0.044313	-0.999018
6	671	1539	0.058597	-0.998282
6	670	1539	0.071529	-0.997438
6	669	1539	0.096140	-0.995368
6	668	1539	0.117998	-0.993014
6	667	1539	0.123425	-0.992354
6	666	1539	0.138350	-0.990383
6	665	1539	0.148413	-0.988926
6	664	1539	0.180816	-0.983517
6	663	1538	0.201470	-0.979495
6	662	1538	0.234081	-0.972217
6	661	1538	0.260509	-0.965471
6	660	1538	0.293997	-0.955806
6	659	1537	0.311063	-0.950389
6	658	1537	0.339233	-0.940702
6	657	1537	0.360669	-0.932694
6	656	1536	0.376448	-0.926438
6	655	1536	0.402104	-0.915594
6	654	1535	0.411544	-0.911390
6	653	1535	0.427889	-0.903831
6	652	1534	0.439103	-0.898437
6	651	1534	0.455543	-0.890214
6	650	1533	0.468373	-0.883531
6	649	1533	0.474956	-0.880010
6	648	1532	0.485782	-0.874080
6	647	1532	0.500819	-0.865552
6	646	1531	0.508705	-0.860941
6	645	1530	0.525012	-0.851095
6	644	1530	0.540837	-0.841128
6	643	1529	0.557579	-0.830124
6	642	1529	0.569939	-0.821687
6	641	1528	0.578540	-0.815654
6	640	1527	0.586139	-0.810211
6	639	1527	0.604589	-0.796538
6	638	1526	0.611150	-0.791515
6	637	1525	0.625831	-0.779959
6	636	1524	0.637324	-0.770596
6	635	1523	0.650921	-0.759145
6	634	1522	0.666139	-0.745828
6	633	1521	0.677109	-0.735882
6	632	1521	0.694718	-0.719282
6	631	1520	0.704855	-0.709352
6	630	1519	0.714931	-0.699195
6	629	1518	0.724737	-0.689025
6	628	1517	0.729436	-0.684049
6	628	1516	0.741718	-0.670712
6	627	1515	0.750600	-0.660757
6	626	1514	0.758129	-0.652104
6	625	1513	0.768936	-0.639326
6	624	1512	0.777666	-0.628678
6	624	1511	0.786398	-0.617720
6	623	1510	0.793680	-0.608335
6	622	1509	0.798006	-0.602650
6	621	1508	0.799279	-0.600960
6	620	1507	0.802003	-0.597320
6	620	1506	0.806049	-0.591849
6	619	1505	0.809897	-0.586572
6	618	1504	0.815322	-0.579008
6	618	1503	0.820053	-0.572287
6	617	1502	0.825518	-0.564376
6	616	1501	0.826483	-0.562961
6	616	1500	0.831474	-0.555564
6	615	1499	0.837734	-0.546079
6	614	1498	0.839432	-0.543464
6	614	1497	0.844042	-0.536277
6	613	1496	0.844042	-0.536277
6	612	1495	0.849093	-0.528243
6	612	1494	0.853091	-0.521762
6	611	1493	0.855781	-0.517339
6	611	1492	0.860704	-0.509106
6	610	1491	0.866124	-0.499829
6	609	1490	0.865552	-0.500819
6	609	1489	0.874080	-0.485782
6	608	1488	0.875568	-0.483095
6	608	1487	0.879359	-0.476160
6	607	1486	0.882206	-0.470864
6	607	1485	0.886514	-0.462702
6	606	1484	0.889662	-0.456620
6	606	1483	0.893961	-0.448144
6	605	1482	0.897137	-0.441752
6	605	1481	0.905879	-0.423536
6	604	1480	0.908440	-0.418016
6	604	1479	0.911724	-0.410804
6	603	1478	0.917169	-0.398499
6	603	1477	0.923578	-0.383411
6	602	1476	0.926619	-0.376001
6	602	1475	0.931671	-0.363303
6	602	1474	0.938962	-0.344021
6	601	1473	0.943203	-0.332217
6	601	1472	0.951895	-0.306424
6	601	1471	0.958050	-0.286600
6	600	1470	0.964669	-0.263465
6	600	1469	0.967818	-0.251651
6	600	1468	0.972354	-0.233511
6	600	1467	0.974941	-0.222464
6	599	1466	0.978136	-0.207968
6	599	1465	0.980419	-0.196925
6	599	1464	0.983435	-0.181263
6	599	1463	0.986991	-0.160777
6	599	1462	0.988771	-0.149437
6	599	1461	0.990934	-0.134346
6	599	1460	0.993324	-0.115362
6	598	1459	0.994227	-0.107293
6	598	1458	0.995442	-0.095365
6	598	1457	0.997677	-0.068123
6	598	1456	0.999226	-0.039330
6	598	1455	0.999721	-0.023633
6	598	1454	0.999969	-0.007884
6	598	1453	0.999969	0.007884
6	598	1452	0.999721	0.023633
6	598	1451	0.999226	0.039330
6	598	1450	0.998490	0.054940
6	598	1449	0.997517	0.070430
6	598	1448	0.996387	0.084933
6	599	1447	0.995356	0.096263
6	599	1446	0.994464	0.105082
6	599	1445	0.993783	0.111336
6	599	1444	0.993357	0.115069
6	599	1443	0.991630	0.129115
6	599	1442	0.990237	0.139397
6	599	1441	0.989285	0.146000
6	599	1440	0.986794	0.161978
6	599	1439	0.984890	0.173179
6	600	1438	0.982045	0.188648
6	600	1437	0.979776	0.200096
6	600	1436	0.972799	0.231649
6	600	1435	0.966381	0.257112
6	600	1434	0.957092	0.289784
6	601	1433	0.948234	0.317572
6	601	1432	0.939020	0.343861
6	601	1431	0.926814	0.375520
6	602	1430	0.917610	0.397483
6	602	1429	0.907665	0.419695
6	603	1428	0.901195	0.433414
6	603	1427	0.890449	0.455084
6	604	1426	0.882938	0.469490
6	604	1425	0.870707	0.491803
6	605	1424	0.868198	0.496218
6	606	1423	0.864091	0.503335
6	606	1422	0.854664	0.519181
6	607	1421	0.852646	0.522489
6	608	1420	0.849985	0.526807
6	608	1419	0.844479	0.535589
6	609	1418	0.845141	0.534544
6	609	1417	0.840733	0.541450
6	610	1416	0.839683	0.543077
6	611	1415	0.834055	0.551682
6	611	1414	0.834644	0.550790
6	612	1413	0.833629	0.552324
6	613	1412	0.828067	0.560629
6	613	1411	0.823283	0.567631
6	614	1410	0.817719	0.575617
6	615	1409	0.813625	0.581390
6	615	1408	0.809254	0.587459
6	616	1407	0.805183	0.593027
6	617	1406	0.802628	0.596479
6	618	1405	0.797013	0.603963
6	618	1404	0.787235	0.616653
6	619	1403	0.788447	0.615102
6	620	1402	0.786640	0.617412
6	621	1401	0.781873	0.623437
6	622	1400	0.784241	0.620457
6	622	1399	0.784355	0.620312
6	623	1398	0.783175	0.621802
6	624	1397	0.789172	0.614172
6	625	1396	0.796666	0.604420
6	626	1395	0.800606	0.599192
6	627	1394	0.804991	0.593287
6	627	1393	0.823227	0.567713
6	628	1392	0.832752	0.553646
6	629	1391	0.842068	0.539372
6	629	1390	0.859006	0.511966
6	630	1389	0.869385	0.494135
6	631	1388	0.883705	0.468044
6	631	1387	0.906727	0.421719
6	631	1386	0.925714	0.378223
6	632	1385	0.937930	0.346825
6	632	1384	0.952382	0.304908
6	632	1383	0.960081	0.279722
6	633	1382	0.967142	0.254236
6	633	1381	0.977290	0.211906
6	633	1380	0.984061	0.177832
6	633	1379	0.990383	0.138350
6	633	1378	0.994121	0.108278
6	633	1377	0.996053	0.088763
6	633	1376	0.997782	0.066571
6	633	1375	0.999129	0.041721
6	633	1374	0.999588	0.028685
6	634	1373	0.999892	0.014701
6	634	1372	0.999999	-0.001332
6	633	1371	0.999992	-0.003906
6	633	1370	0.999979	-0.006510
6	633	1369	0.999755	-0.022148
6	633	1368	0.999334	-0.036481
6	633	1367	0.998775	-0.049491
6	633	1366	0.998127	-0.061172
6	633	1365	0.996415	-0.084605
6	633	1364	0.994435	-0.105351
6	633	1363	0.992354	-0.123425
6	633	1362	0.992139	-0.125140
6	633	1361	0.990653	-0.136403
6	633	1360	0.987673	-0.156531
6	632	1359	0.985704	-0.168487
6	632	1358	0.981333	-0.192318
6	632	1357	0.977444	-0.211194
6	632	1356	0.971232	-0.238134
6	631	1355	0.966964	-0.254912
6	631	1354	0.960133	-0.279543
6	631	1353	0.954660	-0.297699
6	631	1352	0.950738	-0.309995
6	630	1351	0.947081	-0.320994
6	630	1350	0.944470	-0.328599
6	630	1349	0.939761	-0.341831
6	629	1348	0.936631	-0.350317
6	629	1347	0.929891	-0.367834
6	628	1346	0.927627	-0.373508
6	628	1345	0.927929	-0.372757
6	627	1344	0.922672	-0.385587
6	627	1343	0.921470	-0.388450
6	627	1342	0.918267	-0.395961
6	626	1341	0.920108	-0.391665
6	626	1340	0.915996	-0.401187
6	625	1339	0.915996	-0.401187
6	625	1338	0.915699	-0.401865
6	624	1337	0.914455	-0.404688
6	624	1336	0.913566	-0.406691
6	624	1335	0.910886	-0.412658
6	623	1334	0.909584	-0.415521
6	623	1333	0.906287	-0.422662
6	622	1332	0.903734	-0.428095
6	622	1331	0.904601	-0.426260
6	621	1330	0.901411	-0.432965
6	621	1329	0.901984	-0.431769
6	620	1328	0.902628	-0.430422
6	620	1327	0.902628	-0.430422
6	619	1326	0.897505	-0.441005
6	619	1325	0.897222	-0.441580
6	618	1324	0.896572	-0.442898
6	618	1323	0.896290	-0.443467
6	617	1322	0.895640	-0.444780
6	617	1321	0.895359	-0.445345
6	616	1320	0.894707	-0.446654
6	616	1319	0.894427	-0.447214
6	616	1318	0.892074	-0.451890
6	615	1317	0.893496	-0.449072
6	614	1316	0.892842	-0.450371
6	614	1315	0.892564	-0.450921
6	613	1314	0.891909	-0.452215
6	613	1313	0.891632	-0.452760
6	612	1312	0.890977	-0.454049
6	612	1311	0.885854	-0.463963
6	611	1310	0.885854	-0.463963
6	611	1309	0.885854	-0.463963
6	610	1308	0.885854	-0.463963
6	610	1307	0.886125	-0.463447
6	609	1306	0.887444	-0.460916
6	609	1305	0.883136	-0.469118
6	608	1304	0.885120	-0.465363
6	608	1303	0.881077	-0.472973
6	607	1302	0.883728	-0.468002
6	606	1301	0.879745	-0.475445
6	606	1300	0.883264	-0.468877
6	606	1299	0.879745	-0.475445
6	605	1298	0.883728	-0.468002
6	604	1297	0.881077	-0.472973
6	604	1296	0.880285	-0.474446
6	603	1295	0.878957	-0.476901
6	603	1294	0.878695	-0.477383
6	602	1293	0.878695	-0.477383
6	602	1292	0.878957	-0.476901
6	601	1291	0.880285	-0.474446
6	601	1290	0.875977	-0.482353
6	600	1289	0.877972	-0.478712
6	600	1288	0.879017	-0.476790
6	599	1287	0.882336	-0.470619
6	598	1286	0.879017	-0.476790
6	598	1285	0.882800	-0.469749
6	597	1284	0.880147	-0.474700
6	597	1283	0.884192	-0.467125
6	596	1282	0.882206	-0.470864
6	596	1281	0.881675	-0.471858
6	595	1280	0.876181	-0.481983
6	595	1279	0.871204	-0.490921
6	594	1278	0.868408	-0.495850
6	594	1277	0.864421	-0.502769
6	593	1276	0.859152	-0.511721
6	593	1275	0.851325	-0.524639
6	592	1274	0.858717	-0.512450
6	592	1273	0.865746	-0.500484
6	591	1272	0.884797	-0.465977
6	590	1271	0.898446	-0.439083
6	589	1270	0.906513	-0.422179
6	588	1269	0.900491	-0.434875
6	588	1268	0.911749	-0.410747
6	587	1267	0.839997	-0.542592
6	586	1266	0.653912	-0.756571
6	586	1265	0.595839	-0.803104
6	587	1264	-0.689381	0.724399
6	588	1263	0.769836	-0.638242
6	589	1262	-0.843842	0.536591
6	590	1262	-0.848605	0.529027
6	591	1263	-0.735437	0.677593
6	592	1263	-0.737032	0.675857
6	593	1264	-0.673881	0.738840
6	594	1265	-0.653575	0.756861
6	595	1266	-0.665121	0.746735
6	596	1267	-0.692946	0.720989
6	596	1268	-0.735994	0.676988
6	597	1269	-0.761937	0.647651
6	598	1270	-0.779443	0.626473
6	598	1271	-0.790883	0.611967
6	599	1272	-0.796102	0.605163
6	600	1273	-0.804022	0.594600
6	600	1274	-0.804612	0.593801
6	601	1275	-0.805183	0.593027
6	602	1276	-0.807696	0.589599
6	603	1277	-0.806438	0.591318
6	603	1278	-0.801669	0.597769
6	604	1279	-0.806049	0.591849
6	605	1280	-0.806677	0.590993
6	606	1281	-0.803543	0.595247
6	607	1282	-0.806956	0.590611
6	607	1283	-0.811163	0.584820
6	608	1284	-0.809897	0.586572
6	609	1285	-0.815322	0.579008
6	609	1286	-0.820053	0.572287
6	610	1287	-0.820697	0.571364
6	611	1288	-0.822279	0.569085
6	611	1289	-0.827417	0.561588
6	612	1290	-0.834284	0.551334
6	613	1291	-0.836618	0.547786
6	613	1292	-0.836419	0.548091
6	614	1293	-0.837734	0.546079
6	615	1294	-0.839432	0.543464
6	615	1295	-0.839024	0.544094
6	616	1296	-0.839683	0.543077
6	617	1297	-0.840733	0.541450
6	617	1298	-0.840115	0.542408
6	618	1299	-0.840115	0.542408
6	618	1300	-0.840733	0.541450
6	619	1301	-0.839683	0.543077
6	620	1302	-0.839024	0.544094
6	620	1303	-0.839432	0.543464
6	621	1304	-0.837734	0.546079
6	622	1305	-0.831474	0.555564
6	622	1306	-0.831857	0.554989
6	623	1307	-0.830209	0.557453
6	624	1308	-0.824042	0.566529
6	624	1309	-0.819110	0.573636
6	625	1310	-0.818191	0.574946
6	626	1311	-0.818191	0.574946
6	626	1312	-0.813638	0.581372
6	627	1313	-0.808872	0.587985
6	628	1314	-0.810768	0.585368
6	629	1315	-0.808872	0.587985
6	629	1316	-0.803929	0.594725
6	630	1317	-0.802628	0.596479
6	631	1318	-0.798246	0.602332
6	632	1319	-0.790874	0.611980
6	632	1320	-0.785789	0.618494
6	633	1321	-0.785797	0.618484
6	634	1322	-0.782821	0.622247
6	635	1323	-0.782226	0.622995
6	635	1324	-0.777562	0.628807
6	636	1325	-0.774217	0.632920
6	637	1326	-0.768633	0.639690
6	638	1327	-0.765933	0.642921
6	639	1328	-0.766502	0.642242
6	640	1329	-0.764797	0.644271
6	641	1330	-0.760850	0.648928
6	641	1331	-0.760850	0.648928
6	642	1332	-0.759895	0.650046
6	643	1333	-0.757283	0.653087
6	644	1334	-0.753058	0.657954
6	645	1335	-0.748450	0.663192
6	646	1336	-0.743012	0.669278
6	647	1337	-0.736777	0.676136
6	647	1338	-0.728632	0.684906
6	648	1339	-0.717679	0.696374
6	649	1340	-0.706283	0.707930
6	650	1341	-0.694672	0.719327
6	651	1342	-0.683434	0.730012
6	652	1343	-0.672908	0.739726
6	653	1344	-0.663393	0.748271
6	654	1344	-0.642753	0.766074
6	655	1345	-0.628678	0.777666
6	656	1346	-0.611046	0.791595
6	657	1347	-0.596409	0.802681
6	658	1347	-0.576527	0.817078
6	659	1348	-0.564793	0.825232
6	660	1349	-0.551593	0.834113
6	661	1349	-0.537317	0.843380
6	662	1350	-0.532474	0.846447
6	663	1351	-0.527536	0.849533
6	664	1351	-0.522122	0.852871
6	665	1352	-0.511326	0.859387
6	666	1352	-0.503749	0.863850
6	667	1353	-0.504892	0.863183
6	668	1353	-0.504480	0.863423
6	669	1354	-0.501038	0.865425
6	670	1354	-0.507860	0.861440
6	671	1355	-0.507976	0.861371
6	672	1356	-0.509106	0.860704
6	673	1356	-0.517339	0.855781
6	674	1357	-0.521762	0.853091
6	675	1357	-0.528243	0.849093
6	676	1358	-0.528228	0.849103
6	677	1359	-0.529293	0.848439
6	678	1359	-0.536986	0.843591
6	679	1360	-0.532801	0.846241
6	680	1361	-0.536986	0.843591
6	681	1361	-0.529293	0.848439
6	682	1362	-0.528228	0.849103
6	683	1363	-0.528243	0.849093
6	684	1363	-0.521762	0.853091
6	685	1364	-0.525012	0.851095
6	686	1364	-0.525012	0.851095
6	687	1365	-0.521762	0.853091
6	688	1366	-0.527165	0.849763
6	689	1366	-0.527875	0.849322
6	690	1367	-0.534899	0.844916
6	691	1367	-0.549889	0.835238
6	692	1368	-0.557579	0.830124
6	693	1368	-0.577753	0.816212
6	694	1369	-0.591182	0.806538
6	695	1370	-0.594978	0.803742
6	696	1371	-0.603605	0.797284
6	697	1371	-0.615412	0.788205
6	698	1372	-0.622315	0.782767
6	699	1373	-0.632502	0.774559
6	700	1374	-0.639981	0.768391
6	701	1375	-0.643984	0.765039
6	702	1376	-0.645326	0.763907
6	703	1377	-0.649302	0.760531
6	704	1378	-0.649495	0.760366
6	705	1378	-0.649674	0.760213
6	706	1379	-0.652080	0.758150
6	707	1380	-0.656348	0.754459
6	708	1381	-0.656348	0.754459
6	709	1382	-0.657604	0.753364
6	710	1383	-0.660093	0.751184
6	711	1383	-0.665660	0.746255
6	712	1384	-0.669353	0.742945
6	713	1385	-0.678655	0.734457
6	714	1386	-0.688494	0.725242
6	715	1387	-0.698702	0.715413
6	716	1388	-0.708651	0.705559
6	717	1389	-0.718242	0.695794
6	718	1390	-0.731497	0.681845
6	719	1391	-0.743801	0.668401
6	720	1392	-0.758927	0.651176
6	721	1393	-0.772305	0.635252
6	722	1394	-0.783619	0.621242
6	722	1395	-0.802535	0.596605
6	723	1396	-0.815294	0.579047
6	724	1397	-0.828691	0.559707
6	724	1398	-0.847081	0.531464
6	725	1399	-0.859519	0.511104
6	725	1400	-0.877480	0.479614
6	726	1401	-0.886782	0.462187
6	726	1402	-0.899472	0.436977
6	727	1403	-0.908464	0.417964
6	727	1404	-0.919483	0.393131
6	728	1405	-0.921885	0.387463
6	728	1406	-0.931671	0.363303
6	728	1407	-0.938962	0.344021
6	729	1408	-0.943203	0.332217
6	729	1409	-0.951895	0.306424
6	729	1410	-0.958050	0.286600
6	730	1411	-0.964669	0.263465
6	730	1412	-0.970706	0.240269
6	730	1413	-0.977444	0.211194
6	730	1414	-0.981779	0.190027
6	731	1415	-0.985911	0.167272
6	731	1416	-0.988926	0.148413
6	731	1417	-0.992058	0.125781
6	731	1418	-0.995058	0.099299
6	731	1419	-0.996504	0.083546
6	731	1420	-0.997872	0.065198
6	731	1421	-0.999020	0.044256
6	731	1422	-0.999383	0.035137
6	731	1423	-0.999931	0.011732
6	731	1424	-0.999931	-0.011732
6	731	1425	-0.999383	-0.035137
6	731	1426	-0.998352	-0.057382
6	731	1427	-0.997028	-0.077040
6	731	1428	-0.995563	-0.094093
6	731	1429	-0.992546	-0.121870
6	731	1430	-0.989319	-0.145767
6	731	1431	-0.983777	-0.179396
6	731	1432	-0.978134	-0.207978
6	730	1433	-0.974890	-0.222687
6	730	1434	-0.967862	-0.251480
6	730	1435	-0.961607	-0.274432
6	729	1436	-0.954861	-0.297052
6	729	1437	-0.944532	-0.328418
6	729	1438	-0.935777	-0.352593
6	728	1439	-0.927784	-0.373117
6	728	1440	-0.916083	-0.400988
6	727	1441	-0.905182	-0.425025
6	727	1442	-0.891691	-0.452644
6	727	1443	-0.875173	-0.483811
6	726	1444	-0.861580	-0.507622
6	726	1445	-0.836751	-0.547584
6	725	1446	-0.822437	-0.568857
6	724	1447	-0.800725	-0.599033
6	724	1448	-0.769806	-0.638278
6	723	1449	-0.748821	-0.662773
6	722	1450	-0.725384	-0.688345
6	721	1451	-0.700431	-0.713720
6	720	1452	-0.670519	-0.741893
6	719	1453	-0.645308	-0.763922
6	718	1454	-0.621500	-0.783414
6	717	1454	-0.575088	-0.818092
6	716	1455	-0.552077	-0.833793
6	715	1455	-0.511467	-0.859303
6	714	1456	-0.481313	-0.876549
6	713	1456	-0.440527	-0.897739
6	712	1457	-0.409953	-0.912107
6	711	1457	-0.376388	-0.926462
6	710	1457	-0.347063	-0.937842
6	709	1458	-0.325076	-0.945688
6	708	1458	-0.299894	-0.953972
6	707	1458	-0.280828	-0.959758
6	706	1459	-0.259043	-0.965866
6	705	1459	-0.236783	-0.971563
6	704	1459	-0.208711	-0.977977
6	703	1459	-0.176815	-0.984244
6	702	1459	-0.140275	-0.990113
6	701	1460	-0.116422	-0.993200
6	700	1460	-0.085534	-0.996335
6	699	1460	-0.051928	-0.998651
6	698	1460	-0.017372	-0.999849
6	697	1460	0.017372	-0.999849
6	696	1460	0.051928	-0.998651
6	695	1460	0.085534	-0.996335
6	694	1460	0.116422	-0.993200
6	693	1459	0.140275	-0.990113
6	692	1459	0.176815	-0.984244
6	691	1459	0.208711	-0.977977
6	690	1459	0.224047	-0.974578
6	689	1459	0.247568	-0.968871
6	688	1458	0.259290	-0.965799
6	687	1458	0.280828	-0.959758
6	686	1458	0.310185	-0.950676
6	685	1457	0.317280	-0.948332
6	684	1457	0.315326	-0.948983
6	683	1457	0.299861	-0.953983
6	682	1456	0.345587	-0.938387
6	681	1456	0.333152	-0.942873
6	680	1456	0.305927	-0.952055
6	679	1455	0.366003	-0.930614
6	678	1455	0.318894	-0.947790
6	677	1454	0.397713	-0.917510
6	677	1453	0.520777	-0.853693
7	1013	1366	-0.976719	0.214523
7	1013	1367	-0.959473	0.281799
7	1013	1368	-0.948683	0.316228
7	1014	1369	-0.948683	0.316228
7	1014	1370	-0.959473	0.281799
7	1014	1371	-0.976719	0.214523
8	1014	1371	-0.717351	0.696712
8	1015	1371	-0.778914	0.627131
8	1016	1372	-0.787245	0.616641
8	1017	1373	-0.801730	0.597687
8	1018	1374	-0.810490	0.585753
8	1018	1375	-0.779465	0.626446
8	1019	1376	-0.785614	0.618716
8	1020	1377	-0.786754	0.617267
8	1021	1378	-0.783683	0.621161
8	1021	1379	-0.777908	0.628379
8	1022	1380	-0.781098	0.624409
8	1023	1381	-0.786088	0.618114
8	1024	1382	-0.781437	0.623984
8	1024	1383	-0.805428	0.592694
8	1025	1384	-0.798923	0.601433
8	1026	1385	-0.786116	0.618080
8	1027	1386	-0.778349	0.627832
8	1028	1387	-0.767226	0.641377
8	1029	1388	-0.753670	0.657253
9	1014	1371	-0.952212	-0.305439
9	1013	1372	-0.979048	-0.203629
9	1013	1373	-0.974243	-0.225501
9	1013	1374	-0.970883	-0.239555
9	1012	1375	-0.989828	-0.142272
9	1012	1376	-0.988087	-0.153897
9	1012	1377	-0.983911	-0.178660
9	1012	1378	-0.981501	-0.191459
9	1012	1379	-0.980963	-0.194196
9	1011	1380	-0.984440	-0.175723
9	1011	1381	-0.984072	-0.177768
9	1011	1382	-0.987184	-0.159587
9	1011	1383	-0.988589	-0.150639
9	1011	1384	-0.988589	-0.150639
9	1011	1385	-0.989311	-0.145818
9	1011	1386	-0.988686	-0.149997
9	1010	1387	-0.988686	-0.149997
9	1010	1388	-0.989311	-0.145818
9	1010	1389	-0.988589	-0.150639
9	1010	1390	-0.988589	-0.150639
9	1010	1391	-0.987184	-0.159587
9	1010	1392	-0.986303	-0.164941
9	1010	1393	-0.986000	-0.166743
9	1009	1394	-0.984399	-0.175949
9	1009	1395	-0.983557	-0.180601
9	1009	1396	-0.983557	-0.180601
9	1009	1397	-0.984399	-0.175949
9	1009	1398	-0.981241	-0.192786
9	1008	1399	-0.979129	-0.203239
9	1008	1400	-0.977952	-0.208828
9	1008	1401	-0.975001	-0.222202
9	1008	1402	-0.973185	-0.230022
9	1008	1403	-0.972607	-0.232455
9	1007	1404	-0.974131	-0.225983
9	1007	1405	-0.970735	-0.240154
9	1007	1406	-0.968533	-0.248885
9	1007	1407	-0.967623	-0.252399
9	1006	1408	-0.965799	-0.259290
9	1006	1409	-0.965526	-0.260305
9	1006	1410	-0.963465	-0.267835
9	1005	1411	-0.959758	-0.280828
9	1005	1412	-0.958332	-0.285656
9	1005	1413	-0.958618	-0.284696
9	1005	1414	-0.957092	-0.289784
9	1004	1415	-0.955161	-0.296087
9	1004	1416	-0.954871	-0.297021
9	1004	1417	-0.952695	-0.303929
9	1003	1418	-0.953694	-0.300778
9	1003	1419	-0.949423	-0.314000
9	1003	1420	-0.947151	-0.320787
9	1002	1421	-0.948200	-0.317673
9	1002	1422	-0.943808	-0.330494
9	1002	1423	-0.937277	-0.348584
9	1001	1424	-0.935024	-0.354584
9	1001	1425	-0.931064	-0.364856
9	1001	1426	-0.925398	-0.378997
9	1000	1427	-0.921162	-0.389180
9	1000	1428	-0.913766	-0.406242
9	999	1429	-0.903493	-0.428603
9	999	1430	-0.895556	-0.444949
9	999	1431	-0.890319	-0.455337
9	998	1432	-0.890959	-0.454084
9	997	1433	-0.897052	-0.441925
9	997	1434	-0.907095	-0.420926
9	996	1435	-0.911344	-0.411645
9	996	1436	-0.919691	-0.392642
9	995	1437	-0.915916	-0.401371
9	994	1438	-0.878878	-0.477047
9	993	1439	-0.786996	-0.616958
9	993	1440	-0.752425	-0.658678
9	993	1441	-0.743590	-0.668635
9	993	1442	-0.751073	-0.660220
9	994	1443	0.826131	0.563478
9	995	1443	0.848527	0.529153
9	996	1442	0.813147	0.582059
9	997	1441	0.765153	0.643849
9	998	1440	0.734348	0.678773
9	999	1439	0.719929	0.694048
9	1000	1438	0.726925	0.686717
9	1001	1437	0.742396	0.669961
9	1001	1436	0.771223	0.636566
9	1002	1435	0.790793	0.612083
9	1003	1434	0.811491	0.584365
9	1003	1433	0.829048	0.559177
9	1004	1432	0.840691	0.541515
9	1005	1431	0.847959	0.530062
9	1005	1430	0.861394	0.507938
9	1006	1429	0.866683	0.498860
9	1006	1428	0.870658	0.491889
9	1007	1427	0.873463	0.486891
9	1007	1426	0.872954	0.487803
9	1008	1425	0.877770	0.479082
9	1008	1424	0.878030	0.478605
9	1009	1423	0.879359	0.476160
9	1009	1422	0.880147	0.474700
9	1010	1421	0.882800	0.469749
9	1010	1420	0.879017	0.476790
9	1011	1419	0.877510	0.479558
9	1012	1418	0.874848	0.484398
9	1012	1417	0.874080	0.485782
9	1013	1416	0.867951	0.496650
9	1013	1415	0.867951	0.496650
9	1014	1414	0.863850	0.503749
9	1014	1413	0.864576	0.502503
9	1015	1412	0.862490	0.506074
9	1015	1411	0.858734	0.512421
9	1016	1410	0.859350	0.511388
9	1017	1409	0.859350	0.511388
9	1017	1408	0.859820	0.510597
9	1018	1407	0.857102	0.515146
9	1019	1406	0.853769	0.520652
9	1019	1405	0.853091	0.521762
9	1020	1404	0.852426	0.522848
9	1020	1403	0.847552	0.530713
9	1021	1402	0.845141	0.534544
9	1022	1401	0.838137	0.545459
9	1022	1400	0.841274	0.540609
9	1023	1399	0.839454	0.543431
9	1023	1398	0.846397	0.532552
9	1024	1397	0.844570	0.535446
9	1025	1396	0.833062	0.553179
9	1025	1395	0.852310	0.523037
9	1026	1394	0.840455	0.541881
9	1027	1393	0.820423	0.571758
9	1028	1392	0.804500	0.593953
9	1029	1391	0.784597	0.620005
10	1029	1388	0.837076	0.547086
10	1030	1387	0.858649	0.512564
10	1031	1386	0.873833	0.486227
10	1031	1385	0.846816	0.531886
10	1032	1384	0.862269	0.506451
10	1032	1383	0.843312	0.537424
10	1033	1382	0.857493	0.514496
10	1034	1381	0.868177	0.496255
10	1034	1380	0.859105	0.511800
10	1035	1379	0.865608	0.500722
10	1035	1378	0.864546	0.502554
10	1036	1377	0.865880	0.500251
10	1037	1376	0.866648	0.498919
10	1037	1375	0.865425	0.501038
10	1038	1374	0.863423	0.504480
10	1038	1373	0.863183	0.504892
10	1039	1372	0.863850	0.503749
10	1039	1371	0.859387	0.511326
10	1040	1370	0.852871	0.522122
10	1040	1369	0.843958	0.536409
10	1041	1368	0.836129	0.548533
10	1042	1367	0.829048	0.559177
10	1042	1366	0.811491	0.584365
10	1043	1365	0.796671	0.604413
10	1044	1364	0.779832	0.625989
10	1044	1363	0.746650	0.665217
10	1045	1362	0.720592	0.693359
10	1046	1361	0.685396	0.728170
10	1047	1360	0.649016	0.760775
10	1048	1359	0.605074	0.796169
10	1049	1358	0.560080	0.828439
10	1050	1357	0.511610	0.859218
10	1051	1357	0.364757	0.931103
10	1052	1356	0.243034	0.970018
10	1053	1356	-0.035541	0.999368
10	1054	1357	-0.209511	0.977806
10	1055	1357	-0.374410	0.927263
10	1056	1358	-0.444382	0.895838
10	1057	1358	-0.536234	0.844070
10	1058	1359	-0.572449	0.819940
10	1059	1360	-0.604901	0.796301
10	1060	1361	-0.632271	0.774747
10	1061	1362	-0.653579	0.756858
10	1062	1363	-0.671958	0.740589
10	1063	1364	-0.687614	0.726077
10	1064	1365	-0.699141	0.714984
10	1065	1366	-0.710760	0.703435
10	1066	1367	-0.717975	0.696069
10	1067	1368	-0.729301	0.684193
10	1068	1369	-0.735485	0.677541
10	1069	1370	-0.740782	0.671746
10	1070	1371	-0.749315	0.662213
10	1071	1372	-0.756500	0.653994
10	1072	1373	-0.762204	0.647337
10	1072	1374	-0.776560	0.630044
10	1073	1375	-0.784713	0.619860
10	1074	1376	-0.790640	0.612281
10	1075	1377	-0.794222	0.607628
10	1075	1378	-0.804022	0.594600
10	1076	1379	-0.809110	0.587658
10	1077	1380	-0.811084	0.584930
10	1077	1381	-0.816270	0.577671
10	1078	1382	-0.818832	0.574033
10	1079	1383	-0.817550	0.575857
10	1079	1384	-0.812675	0.582717
10	1080	1385	-0.817146	0.576431
10	1081	1386	-0.817786	0.575522
10	1082	1387	-0.814589	0.580039
10	1082	1388	-0.814425	0.580269
10	1083	1389	-0.816339	0.577572
10	1084	1390	-0.814425	0.580269
10	1084	1391	-0.809420	0.587230
10	1085	1392	-0.808087	0.589063
10	1086	1393	-0.803637	0.595120
10	1087	1394	-0.796156	0.605091
10	1087	1395	-0.791008	0.611805
10	1088	1396	-0.785672	0.618643
10	1089	1397	-0.778082	0.628163
10	1089	1398	-0.763757	0.645503
10	1090	1399	-0.758571	0.651590
10	1091	1400	-0.751867	0.659315
10	1092	1401	-0.743767	0.668439
10	1093	1402	-0.734741	0.678348
10	1094	1403	-0.724994	0.688755
10	1095	1404	-0.714652	0.699480
10	1096	1405	-0.703858	0.710341
10	1097	1406	-0.692852	0.721079
10	1098	1407	-0.682087	0.731271
10	1099	1408	-0.671746	0.740782
10	1100	1409	-0.662213	0.749315
10	1101	1410	-0.653994	0.756500
10	1102	1411	-0.647337	0.762204
10	1103	1411	-0.630044	0.776560
10	1104	1412	-0.619860	0.784713
10	1105	1413	-0.606503	0.795081
10	1106	1414	-0.596409	0.802681
10	1107	1414	-0.583165	0.812354
10	1108	1415	-0.570863	0.821045
10	1109	1416	-0.563648	0.826015
10	1110	1416	-0.549394	0.835563
10	1111	1417	-0.542760	0.839888
10	1112	1418	-0.536008	0.844213
10	1113	1418	-0.529999	0.847998
10	1114	1419	-0.517339	0.855781
10	1115	1419	-0.500984	0.865457
10	1116	1420	-0.492625	0.870242
10	1117	1421	-0.486911	0.873452
10	1118	1421	-0.463820	0.885930
10	1119	1422	-0.447780	0.894144
10	1120	1422	-0.433861	0.900980
10	1121	1423	-0.417426	0.908711
10	1122	1423	-0.393867	0.919168
10	1123	1424	-0.381937	0.924188
10	1124	1424	-0.349890	0.936791
10	1125	1424	-0.323024	0.946391
10	1126	1425	-0.293997	0.955806
10	1127	1425	-0.260509	0.965471
10	1128	1425	-0.234081	0.972217
10	1129	1425	-0.189801	0.981823
10	1130	1426	-0.158117	0.987420
10	1131	1426	-0.114986	0.993367
10	1132	1426	-0.082808	0.996566
10	1133	1426	-0.034789	0.999395
10	1134	1426	0.000000	1.000000
10	1135	1426	0.048412	0.998827
10	1136	1426	0.095152	0.995463
10	1137	1426	0.126024	0.992027
10	1138	1426	0.167821	0.985818
10	1139	1425	0.210474	0.977599
10	1140	1425	0.251772	0.967787
10	1141	1425	0.288486	0.957484
10	1142	1425	0.331185	0.943566
10	1143	1424	0.351879	0.936045
10	1144	1424	0.386015	0.922493
10	1145	1423	0.394706	0.918808
10	1146	1423	0.400135	0.916456
10	1147	1423	0.394604	0.918851
10	1148	1422	0.414121	0.910222
10	1149	1421	0.448195	0.893936
10	1150	1421	0.430119	0.902772
10	1151	1420	0.480819	0.876820
10	1152	1419	0.529256	0.848462
10	1153	1419	0.480873	0.876790
10	1154	1418	0.529999	0.847998
11	1029	1388	-1.000000	-0.000000
11	1029	1389	-1.000000	-0.000000
11	1029	1390	-1.000000	-0.000000
11	1029	1391	-1.000000	-0.000000
12	1154	1418	0.758223	-0.651995
12	1154	1417	0.716470	-0.697618
12	1153	1416	0.725525	-0.688196
12	1152	1415	0.733370	-0.679830
12	1151	1414	0.739510	-0.673146
12	1150	1413	0.743550	-0.668680
12	1149	1412	0.752904	-0.658131
12	1148	1411	0.758095	-0.652145
12	1147	1410	0.759452	-0.650563
12	1146	1409	0.757768	-0.652524
12	1145	1408	0.758349	-0.651849
12	1145	1407	0.762778	-0.646660
12	1144	1406	0.768302	-0.640088
12	1143	1405	0.776802	-0.629745
12	1142	1404	0.783158	-0.621823
12	1141	1403	0.791631	-0.610999
12	1141	1402	0.801383	-0.598151
12	1140	1401	0.811084	-0.584930
12	1139	1400	0.817178	-0.576385
12	1138	1399	0.823892	-0.566746
12	1138	1398	0.832513	-0.554005
12	1137	1397	0.838058	-0.545580
12	1136	1396	0.848846	-0.528640
12	1136	1395	0.861871	-0.507128
12	1135	1394	0.870242	-0.492624
12	1135	1393	0.882739	-0.469863
12	1134	1392	0.886782	-0.462187
12	1134	1391	0.899472	-0.436977
12	1133	1390	0.908464	-0.417964
12	1133	1389	0.919483	-0.393131
12	1132	1388	0.921885	-0.387463
12	1132	1387	0.931671	-0.363303
12	1132	1386	0.938962	-0.344021
12	1131	1385	0.943203	-0.332217
12	1131	1384	0.948386	-0.317119
12	1131	1383	0.951518	-0.307593
12	1130	1382	0.956120	-0.292974
12	1130	1381	0.960417	-0.278567
12	1130	1380	0.966150	-0.257979
12	1130	1379	0.966693	-0.255937
12	1129	1378	0.968920	-0.247373
12	1129	1377	0.970072	-0.242816
12	1129	1376	0.972485	-0.232967
12	1129	1375	0.976044	-0.217572
12	1128	1374	0.977576	-0.210583
12	1128	1373	0.978084	-0.208212
12	1128	1372	0.979742	-0.200262
12	1128	1371	0.979742	-0.200262
12	1128	1370	0.980656	-0.195738
12	1127	1369	0.982398	-0.186799
12	1127	1368	0.985262	-0.171050
12	1127	1367	0.984229	-0.176899
12	1127	1366	0.984019	-0.178062
12	1127	1365	0.984645	-0.174566
12	1127	1364	0.986070	-0.166331
12	1126	1363	0.986070	-0.166331
12	1126	1362	0.986764	-0.162164
12	1126	1361	0.988005	-0.154425
12	1126	1360	0.989717	-0.143037
12	1126	1359	0.991789	-0.127887
12	1126	1358	0.992412	-0.122956
12	1125	1357	0.993185	-0.116546
12	1125	1356	0.994378	-0.105893
12	1125	1355	0.995694	-0.092700
12	1125	1354	0.997036	-0.076941
12	1125	1353	0.998282	-0.058597
12	1125	1352	0.998643	-0.052075
12	1125	1351	0.999020	-0.044256
12	1125	1350	0.999754	-0.022177
12	1125	1349	1.000000	0.000000
12	1125	1348	0.999754	0.022177
12	1125	1347	0.999020	0.044256
12	1125	1346	0.998643	0.052075
12	1125	1345	0.998282	0.058597
12	1125	1344	0.997036	0.076941
12	1125	1343	0.995694	0.092700
12	1125	1342	0.994378	0.105893
12	1125	1341	0.993185	0.116546
12	1126	1340	0.990745	0.135739
12	1126	1339	0.988376	0.152028
12	1126	1338	0.986371	0.164534
12	1126	1337	0.982528	0.186117
12	1126	1336	0.979211	0.202844
12	1126	1335	0.973698	0.227843
12	1127	1334	0.970335	0.241765
12	1127	1333	0.964297	0.264823
12	1127	1332	0.955823	0.293943
12	1127	1331	0.944431	0.328710
12	1128	1330	0.934756	0.355291
12	1128	1329	0.915599	0.402093
12	1128	1328	0.890777	0.454441
12	1129	1327	0.872521	0.488576
12	1129	1326	0.840995	0.541043
12	1130	1325	0.817458	0.575988
12	1130	1324	0.777715	0.628617
12	1131	1323	0.748221	0.663450
12	1132	1322	0.715307	0.698811
12	1133	1321	0.680274	0.732958
12	1134	1320	0.644770	0.764377
12	1135	1319	0.606539	0.795053
12	1136	1319	0.538609	0.842556
12	1137	1318	0.498215	0.867054
12	1138	1318	0.427687	0.903927
12	1139	1318	0.362523	0.931975
12	1140	1317	0.316228	0.948683
12	1141	1317	0.253094	0.967442
12	1142	1317	0.184786	0.982779
12	1143	1317	0.124095	0.992270
12	1144	1317	0.073037	0.997329
12	1145	1317	0.019935	0.999801
12	1146	1317	-0.019935	0.999801
12	1147	1317	-0.073037	0.997329
12	1148	1317	-0.110255	0.993903
12	1149	1317	-0.158134	0.987418
12	1150	1317	-0.201149	0.979561
12	1151	1317	-0.240987	0.970528
12	1152	1318	-0.274743	0.961518
12	1153	1318	-0.309668	0.950845
12	1154	1318	-0.350465	0.936576
12	1155	1319	-0.380089	0.924950
12	1156	1319	-0.422747	0.906248
12	1157	1320	-0.453399	0.891307
12	1158	1320	-0.493304	0.869857
12	1159	1321	-0.519476	0.854485
12	1160	1321	-0.554879	0.831931
12	1161	1322	-0.573791	0.819002
12	1162	1323	-0.595448	0.803394
12	1163	1323	-0.630075	0.776534
12	1164	1324	-0.647945	0.761687
12	1165	1325	-0.667127	0.744944
12	1166	1326	-0.687116	0.726547
12	1167	1327	-0.707107	0.707107
12	1168	1328	-0.726547	0.687116
12	1169	1329	-0.740795	0.671731
12	1170	1330	-0.758006	0.652248
12	1171	1331	-0.769378	0.638794
12	1171	1332	-0.791976	0.610552
12	1172	1333	-0.809159	0.587590
12	1173	1334	-0.819593	0.572946
12	1173	1335	-0.838288	0.545227
12	1174	1336	-0.848190	0.529692
12	1174	1337	-0.862540	0.505988
12	1175	1338	-0.874952	0.484210
12	1176	1339	-0.881540	0.472110
12	1176	1340	-0.893211	0.449638
12	1177	1341	-0.899553	0.436812
12	1177	1342	-0.905473	0.424404
12	1177	1343	-0.914158	0.405358
12	1178	1344	-0.920843	0.389934
12	1178	1345	-0.923729	0.383047
12	1179	1346	-0.928564	0.371173
12	1179	1347	-0.934452	0.356088
12	1179	1348	-0.942546	0.334076
12	1180	1349	-0.944770	0.327733
12	1180	1350	-0.946783	0.321871
12	1180	1351	-0.950822	0.309738
12	1181	1352	-0.952780	0.303661
12	1181	1353	-0.957763	0.287558
12	1181	1354	-0.960967	0.276663
12	1182	1355	-0.961939	0.273264
12	1182	1356	-0.965994	0.258566
12	1182	1357	-0.967998	0.250956
12	1182	1358	-0.971255	0.238041
12	1183	1359	-0.975330	0.220753
12	1183	1360	-0.978216	0.207591
12	1183	1361	-0.981824	0.189796
12	1183	1362	-0.985940	0.167101
12	1183	1363	-0.988161	0.153418
12	1184	1364	-0.990458	0.137817
12	1184	1365	-0.993349	0.115141
12	1184	1366	-0.994658	0.103229
12	1184	1367	-0.996053	0.088763
12	1184	1368	-0.997425	0.071715
12	1184	1369	-0.998643	0.052075
12	1184	1370	-0.999020	0.044256
12	1184	1371	-0.999383	0.035137
12	1184	1372	-0.999694	0.024717
12	1184	1373	-1.000000	-0.000000
12	1184	1374	-0.999694	-0.024717
12	1184	1375	-0.999383	-0.035137
12	1184	1376	-0.999020	-0.044256
12	1184	1377	-0.997872	-0.065198
12	1184	1378	-0.996504	-0.083546
12	1184	1379	-0.995058	-0.099299
12	1184	1380	-0.992058	-0.125781
12	1184	1381	-0.988926	-0.148413
12	1184	1382	-0.985911	-0.167272
12	1183	1383	-0.981779	-0.190027
12	1183	1384	-0.977444	-0.211194
12	1183	1385	-0.970706	-0.240269
12	1183	1386	-0.964669	-0.263465
12	1182	1387	-0.958050	-0.286600
12	1182	1388	-0.947935	-0.318464
12	1182	1389	-0.939327	-0.343024
12	1181	1390	-0.931367	-0.364081
12	1181	1391	-0.919757	-0.392489
12	1181	1392	-0.905171	-0.425047
12	1180	1393	-0.900651	-0.434543
12	1180	1394	-0.885349	-0.464928
12	1179	1395	-0.875263	-0.483647
12	1179	1396	-0.858448	-0.512901
12	1178	1397	-0.849302	-0.527907
12	1177	1398	-0.835238	-0.549889
12	1177	1399	-0.813498	-0.581567
12	1176	1400	-0.799893	-0.600142
12	1175	1401	-0.782882	-0.622171
12	1174	1402	-0.767486	-0.641066
12	1174	1403	-0.745818	-0.666150
12	1173	1404	-0.729366	-0.684124
12	1172	1405	-0.716209	-0.697886
12	1171	1406	-0.702440	-0.711743
12	1170	1407	-0.688384	-0.725346
12	1169	1408	-0.674726	-0.738068
12	1168	1408	-0.655810	-0.754926
12	1167	1409	-0.646987	-0.762501
12	1166	1410	-0.639746	-0.768587
12	1165	1411	-0.635666	-0.771964
12	1164	1411	-0.616422	-0.787416
12	1163	1412	-0.612673	-0.790337
12	1162	1413	-0.614410	-0.788987
12	1161	1414	-0.622592	-0.782546
12	1160	1414	-0.583067	-0.812424
12	1159	1415	-0.595683	-0.803219
12	1158	1416	-0.615412	-0.788205
12	1157	1417	-0.626793	-0.779186
12	1156	1418	-0.641168	-0.767400
13	1154	1418	0.000000	1.000000
13	1155	1418	0.000000	1.000000
13	1156	1418	0.000000	1.000000
14	677	1453	0.903959	0.427619
14	678	1452	0.940372	0.340148
14	679	1451	0.963770	0.266735
14	679	1450	0.953144	0.302516
14	679	1449	0.945626	0.325255
14	680	1448	0.966705	0.255894
14	680	1447	0.958332	0.285658
14	680	1446	0.954102	0.299482
14	681	1445	0.961829	0.273650
14	681	1444	0.961127	0.276107
14	681	1443	0.962824	0.270131
14	681	1442	0.969739	0.244145
14	682	1441	0.974265	0.225406
14	682	1440	0.977444	0.211194
14	682	1439	0.981333	0.192318
14	682	1438	0.985704	0.168487
14	683	1437	0.987673	0.156531
14	683	1436	0.990653	0.136403
14	683	1435	0.993654	0.112479
14	683	1434	0.995058	0.099299
14	683	1433	0.996504	0.083546
14	683	1432	0.997872	0.065198
14	683	1431	0.999509	0.031326
14	683	1430	0.999945	0.010456
14	683	1429	0.999945	-0.010456
14	683	1428	0.999010	-0.044487
14	683	1427	0.997028	-0.077040
14	683	1426	0.994213	-0.107431
14	683	1425	0.990992	-0.133921
14	683	1424	0.985425	-0.170112
14	683	1423	0.976602	-0.215054
14	683	1422	0.963478	-0.267786
14	682	1421	0.950817	-0.309755
14	682	1420	0.930486	-0.366328
14	682	1419	0.904899	-0.425626
14	681	1418	0.885181	-0.465248
14	681	1417	0.852673	-0.522444
14	680	1416	0.828828	-0.559504
14	680	1415	0.789591	-0.613633
14	679	1414	0.763880	-0.645358
14	678	1413	0.734747	-0.678342
14	677	1412	0.703127	-0.711064
14	676	1411	0.670232	-0.742151
14	675	1410	0.633181	-0.774004
14	674	1409	0.597777	-0.801663
14	673	1409	0.529195	-0.848500
14	672	1408	0.482634	-0.875822
14	671	1408	0.398378	-0.917221
14	670	1407	0.331638	-0.943407
14	669	1407	0.214419	-0.976742
14	668	1407	0.083265	-0.996527
14	667	1407	-0.046592	-0.998914
14	666	1407	-0.180547	-0.983566
14	665	1407	-0.306869	-0.951752
14	664	1407	-0.428396	-0.903591
14	663	1408	-0.491172	-0.871062
14	662	1408	-0.594753	-0.803909
14	661	1409	-0.643562	-0.765394
14	660	1410	-0.692832	-0.721099
14	659	1411	-0.736438	-0.676506
14	658	1412	-0.775258	-0.631645
14	658	1413	-0.836693	-0.547673
14	657	1414	-0.869433	-0.494051
14	657	1415	-0.912309	-0.409502
14	657	1416	-0.943560	-0.331203
14	656	1417	-0.964404	-0.264432
14	656	1418	-0.983701	-0.179810
14	656	1419	-0.996028	-0.089041
14	656	1420	-0.999951	-0.009942
14	656	1421	-0.997610	0.069103
14	656	1422	-0.991336	0.131348
14	657	1423	-0.983475	0.181043
14	657	1424	-0.972988	0.230857
14	657	1425	-0.961011	0.276509
14	657	1426	-0.949070	0.315065
14	658	1427	-0.938364	0.345650
14	658	1428	-0.924953	0.380081
14	659	1429	-0.918108	0.396329
14	659	1430	-0.906762	0.421642
14	660	1431	-0.897137	0.441752
14	660	1432	-0.889444	0.457044
14	661	1433	-0.884066	0.467361
14	661	1434	-0.871083	0.491135
14	662	1435	-0.866580	0.499038
14	662	1436	-0.858533	0.512758
14	663	1437	-0.855332	0.518080
14	664	1438	-0.846895	0.531760
14	664	1439	-0.842896	0.538077
14	665	1440	-0.837935	0.545770
14	666	1441	-0.832975	0.553311
14	666	1442	-0.823283	0.567631
14	667	1443	-0.817719	0.575617
14	668	1444	-0.805108	0.593128
14	668	1445	-0.788866	0.614565
14	669	1446	-0.788357	0.615219
14	670	1447	-0.788034	0.615631
14	671	1448	-0.781579	0.623807
14	671	1449	-0.795093	0.606487
14	672	1450	-0.793926	0.608014
14	673	1451	-0.786318	0.617822
14	674	1452	-0.772858	0.634579
14	675	1453	-0.764974	0.644062
14	676	1453	-0.701523	0.712647
14	677	1453	-0.621351	0.783532
