18
1	1165	1272	0.753058	0.657954
1	1166	1271	0.755728	0.654885
1	1167	1270	0.756884	0.653549
1	1168	1269	0.756253	0.654279
1	1168	1268	0.714055	0.700090
1	1169	1267	0.716993	0.697080
1	1170	1266	0.719345	0.694653
1	1171	1265	0.721017	0.692918
1	1172	1264	0.722008	0.691885
1	1173	1263	0.722395	0.691481
1	1174	1262	0.722301	0.691579
1	1175	1261	0.719131	0.694874
1	1176	1260	0.715528	0.698584
1	1177	1259	0.711512	0.702674
1	1178	1258	0.707107	0.707107
1	1179	1257	0.707107	0.707107
1	1180	1256	0.707107	0.707107
1	1181	1255	0.707107	0.707107
1	1182	1254	0.707107	0.707107
1	1183	1253	0.707107	0.707107
1	1184	1252	0.707107	0.707107
1	1185	1251	0.707107	0.707107
1	1186	1250	0.707107	0.707107
1	1187	1249	0.707107	0.707107
1	1188	1248	0.707107	0.707107
1	1189	1247	0.707107	0.707107
1	1190	1246	0.707107	0.707107
1	1191	1245	0.707107	0.707107
1	1192	1244	0.707107	0.707107
1	1193	1243	0.707107	0.707107
1	1194	1242	0.707107	0.707107
1	1195	1241	0.707107	0.707107
1	1196	1240	0.707107	0.707107
1	1197	1239	0.707107	0.707107
1	1198	1238	0.707107	0.707107
1	1199	1237	0.707107	0.707107
1	1200	1236	0.707107	0.707107
1	1201	1235	0.707107	0.707107
1	1202	1234	0.707107	0.707107
1	1203	1233	0.707107	0.707107
1	1204	1232	0.707107	0.707107
1	1205	1231	0.702674	0.711512
1	1206	1230	0.698584	0.715528
1	1207	1229	0.694874	0.719131
1	1208	1228	0.691579	0.722301
1	1209	1227	0.684193	0.729301
1	1210	1226	0.673166	0.739491
1	1211	1225	0.663101	0.748530
1	1212	1224	0.649720	0.760173
1	1213	1223	0.633443	0.773789
1	1214	1222	0.614766	0.788710
1	1215	1222	0.583586	0.812051
1	1216	1221	0.560700	0.828019
1	1217	1220	0.536454	0.843929
1	1218	1219	0.506640	0.862158
1	1219	1219	0.447611	0.894228
1	1220	1219	0.380759	0.924674
1	1221	1218	0.320715	0.947176
1	1222	1218	0.226111	0.974102
1	1223	1218	0.129933	0.991523
1	1224	1218	0.022276	0.999752
1	1225	1217	-0.091752	0.995782
1	1226	1217	-0.242300	0.970201
1	1227	1217	-0.389692	0.920945
1	1228	1218	-0.462925	0.886398
1	1229	1218	-0.583950	0.811790
1	1230	1219	-0.635753	0.771893
1	1231	1220	-0.687614	0.726077
1	1232	1221	-0.733393	0.679805
1	1232	1222	-0.797999	0.602659
1	1233	1223	-0.833800	0.552067
1	1233	1224	-0.876395	0.481593
1	1234	1225	-0.904378	0.426732
1	1234	1226	-0.935974	0.352068
1	1234	1227	-0.959254	0.282547
1	1235	1228	-0.972970	0.230931
1	1235	1229	-0.987775	0.155889
1	1235	1230	-0.995937	0.090051
1	1235	1231	-0.999359	0.035793
1	1235	1232	-0.999814	-0.019300
1	1235	1233	-0.997268	-0.073872
1	1235	1234	-0.993589	-0.113056
1	1234	1235	-0.987507	-0.157572
1	1234	1236	-0.981956	-0.189108
1	1234	1237	-0.973378	-0.229207
1	1234	1238	-0.964669	-0.263465
1	1233	1239	-0.961530	-0.274699
1	1233	1240	-0.955253	-0.295792
1	1233	1241	-0.950469	-0.310820
1	1232	1242	-0.945242	-0.326371
1	1232	1243	-0.941700	-0.336455
1	1232	1244	-0.936007	-0.351980
1	1231	1245	-0.935460	-0.353433
1	1231	1246	-0.928087	-0.372364
1	1230	1247	-0.924632	-0.380863
1	1230	1248	-0.919952	-0.392031
1	1230	1249	-0.917930	-0.396742
1	1229	1250	-0.913106	-0.407723
1	1229	1251	-0.910127	-0.414330
1	1228	1252	-0.908196	-0.418544
1	1228	1253	-0.899758	-0.436389
1	1227	1254	-0.897222	-0.441580
1	1227	1255	-0.893211	-0.449638
1	1226	1256	-0.890701	-0.454590
1	1226	1257	-0.886667	-0.462408
1	1225	1258	-0.879359	-0.476160
1	1225	1259	-0.875568	-0.483095
1	1224	1260	-0.874080	-0.485782
1	1224	1261	-0.870787	-0.491661
1	1223	1262	-0.870658	-0.491889
1	1222	1263	-0.864546	-0.502554
1	1222	1264	-0.864546	-0.502554
1	1221	1265	-0.860468	-0.509505
1	1221	1266	-0.861178	-0.508303
1	1220	1267	-0.859116	-0.511781
1	1219	1268	-0.861178	-0.508303
1	1219	1269	-0.860468	-0.509505
1	1218	1270	-0.864546	-0.502554
1	1218	1271	-0.864546	-0.502554
1	1217	1272	-0.870658	-0.491889
1	1216	1273	-0.870787	-0.491661
1	1216	1274	-0.874080	-0.485782
1	1215	1275	-0.875568	-0.483095
1	1215	1276	-0.879359	-0.476160
1	1214	1277	-0.886667	-0.462408
1	1214	1278	-0.890701	-0.454590
1	1213	1279	-0.893211	-0.449638
1	1213	1280	-0.897222	-0.441580
1	1212	1281	-0.899758	-0.436389
1	1212	1282	-0.903734	-0.428095
1	1211	1283	-0.906287	-0.422662
1	1211	1284	-0.905126	-0.425144
1	1210	1285	-0.907045	-0.421035
1	1210	1286	-0.905589	-0.424155
1	1210	1287	-0.902203	-0.431312
1	1209	1288	-0.901920	-0.431903
1	1209	1289	-0.907648	-0.419733
1	1208	1290	-0.900305	-0.435259
1	1208	1291	-0.912270	-0.409589
1	1207	1292	-0.896223	-0.443605
1	1207	1293	-0.913990	-0.405738
1	1206	1294	-0.889749	-0.456449
1	1206	1295	-0.911547	-0.411197
1	1205	1296	-0.881807	-0.471611
1	1204	1297	-0.852871	-0.522122
2	1165	1272	-0.394936	0.918709
2	1166	1273	-0.307265	0.951624
2	1167	1274	-0.212499	0.977161
2	1168	1274	-0.258361	0.966048
2	1169	1274	-0.289784	0.957092
2	1170	1275	-0.227367	0.973809
2	1171	1275	-0.265631	0.964075
2	1172	1275	-0.286051	0.958214
2	1173	1275	-0.307404	0.951579
2	1174	1275	-0.313249	0.949671
2	1175	1276	-0.313436	0.949609
2	1176	1276	-0.322684	0.946507
2	1177	1276	-0.336031	0.941851
2	1178	1277	-0.356002	0.934485
2	1179	1277	-0.384154	0.923269
2	1180	1277	-0.404933	0.914346
2	1181	1278	-0.424905	0.905238
2	1182	1278	-0.456436	0.889756
2	1183	1279	-0.476938	0.878937
2	1184	1279	-0.507086	0.861895
2	1185	1280	-0.523540	0.852001
2	1186	1281	-0.546908	0.837193
2	1187	1281	-0.574725	0.818346
2	1188	1282	-0.590102	0.807328
2	1189	1283	-0.609089	0.793102
2	1190	1283	-0.632836	0.774285
2	1191	1284	-0.647564	0.762011
2	1192	1285	-0.663820	0.747892
2	1193	1286	-0.676360	0.736571
2	1194	1287	-0.689606	0.724185
2	1195	1288	-0.693365	0.720587
2	1196	1289	-0.697033	0.717039
2	1197	1290	-0.703393	0.710801
2	1198	1291	-0.705617	0.708594
2	1199	1292	-0.709108	0.705100
2	1200	1293	-0.713792	0.700357
2	1200	1294	-0.751504	0.659728
2	1201	1295	-0.753707	0.657211
2	1202	1296	-0.754018	0.656854
2	1203	1297	-0.752577	0.658505
2	1204	1297	-0.697323	0.716757
3	1165	1272	-0.707107	-0.707107
3	1164	1273	-0.707107	-0.707107
3	1163	1274	-0.707107	-0.707107
3	1162	1275	-0.707107	-0.707107
3	1161	1276	-0.707107	-0.707107
4	1161	1276	0.276179	-0.961106
4	1160	1275	0.144608	-0.989489
4	1159	1274	0.012984	-0.999916
4	1158	1274	0.020292	-0.999794
4	1157	1274	0.002445	-0.999997
4	1156	1274	-0.011545	-0.999933
4	1155	1274	-0.021353	-0.999772
4	1154	1274	-0.027102	-0.999633
4	1153	1274	-0.029323	-0.999570
4	1152	1274	-0.028796	-0.999585
4	1151	1274	-0.026358	-0.999653
4	1150	1274	-0.054940	-0.998490
4	1149	1274	-0.083546	-0.996504
4	1148	1274	-0.096760	-0.995308
4	1147	1275	-0.106472	-0.994316
4	1146	1275	-0.113971	-0.993484
4	1145	1275	-0.118938	-0.992902
4	1144	1275	-0.121412	-0.992602
4	1143	1275	-0.121412	-0.992602
4	1142	1275	-0.131731	-0.991285
4	1141	1275	-0.138353	-0.990383
4	1140	1275	-0.141320	-0.989964
4	1139	1276	-0.139747	-0.990187
4	1138	1276	-0.134346	-0.990934
4	1137	1276	-0.125267	-0.992123
4	1136	1276	-0.139222	-0.990261
4	1135	1276	-0.149437	-0.988771
4	1134	1276	-0.156007	-0.987756
4	1133	1276	-0.158987	-0.987281
4	1132	1277	-0.157398	-0.987535
4	1131	1277	-0.152028	-0.988376
4	1130	1277	-0.155620	-0.987817
4	1129	1277	-0.154425	-0.988005
4	1128	1277	-0.162164	-0.986764
4	1127	1277	-0.166331	-0.986070
4	1126	1278	-0.166331	-0.986070
4	1125	1278	-0.174566	-0.984645
4	1124	1278	-0.178062	-0.984019
4	1123	1278	-0.176899	-0.984229
4	1122	1278	-0.171050	-0.985262
4	1121	1278	-0.174037	-0.984739
4	1120	1279	-0.172436	-0.985021
4	1119	1279	-0.179441	-0.983769
4	1118	1279	-0.181758	-0.983343
4	1117	1279	-0.179441	-0.983769
4	1116	1279	-0.172436	-0.985021
4	1115	1280	-0.174037	-0.984739
4	1114	1280	-0.171050	-0.985262
4	1113	1280	-0.176899	-0.984229
4	1112	1280	-0.178062	-0.984019
4	1111	1280	-0.174566	-0.984645
4	1110	1280	-0.166331	-0.986070
4	1109	1281	-0.166331	-0.986070
4	1108	1281	-0.174566	-0.984645
4	1107	1281	-0.178062	-0.984019
4	1106	1281	-0.176899	-0.984229
4	1105	1281	-0.171050	-0.985262
4	1104	1281	-0.174037	-0.984739
4	1103	1282	-0.184737	-0.982788
4	1102	1282	-0.190480	-0.981691
4	1101	1282	-0.191622	-0.981469
4	1100	1282	-0.188190	-0.982133
4	1099	1282	-0.180100	-0.983648
4	1098	1283	-0.180100	-0.983648
4	1097	1283	-0.188190	-0.982133
4	1096	1283	-0.191622	-0.981469
4	1095	1283	-0.190480	-0.981691
4	1094	1283	-0.184737	-0.982788
4	1093	1284	-0.186344	-0.982485
4	1092	1284	-0.194365	-0.980929
4	1091	1284	-0.197767	-0.980249
4	1090	1284	-0.196635	-0.980477
4	1089	1284	-0.190942	-0.981601
4	1088	1284	-0.193255	-0.981149
4	1087	1285	-0.200503	-0.979693
4	1086	1285	-0.203873	-0.978997
4	1085	1285	-0.215117	-0.976588
4	1084	1285	-0.220803	-0.975318
4	1083	1286	-0.219186	-0.975683
4	1082	1286	-0.224636	-0.974443
4	1081	1286	-0.237766	-0.971323
4	1080	1286	-0.245475	-0.969403
4	1079	1286	-0.260341	-0.965517
4	1078	1287	-0.263927	-0.964543
4	1077	1287	-0.262919	-0.964818
4	1076	1287	-0.280477	-0.959861
4	1075	1288	-0.288514	-0.957476
4	1074	1288	-0.302028	-0.953299
4	1073	1288	-0.308913	-0.951090
4	1072	1288	-0.332912	-0.942958
4	1071	1289	-0.341672	-0.939819
4	1070	1289	-0.359451	-0.933164
4	1069	1290	-0.365270	-0.930902
4	1068	1290	-0.375340	-0.926887
4	1067	1290	-0.400356	-0.916360
4	1066	1291	-0.408462	-0.912775
4	1065	1291	-0.424281	-0.905531
4	1064	1292	-0.434305	-0.900766
4	1063	1292	-0.450387	-0.892833
4	1062	1293	-0.452760	-0.891632
4	1061	1293	-0.459556	-0.888149
4	1060	1294	-0.470990	-0.882138
4	1059	1294	-0.477050	-0.878876
4	1058	1295	-0.486609	-0.873620
4	1057	1296	-0.498611	-0.866826
4	1056	1296	-0.499038	-0.866580
4	1055	1297	-0.507209	-0.861823
4	1054	1297	-0.515101	-0.857130
4	1053	1298	-0.518473	-0.855094
4	1052	1298	-0.524646	-0.851320
4	1051	1299	-0.531760	-0.846895
4	1050	1300	-0.530703	-0.847558
4	1049	1300	-0.537696	-0.843139
4	1048	1301	-0.539361	-0.842075
4	1047	1302	-0.540391	-0.841414
4	1046	1302	-0.547786	-0.836618
4	1045	1303	-0.543743	-0.839252
4	1044	1304	-0.547786	-0.836618
4	1043	1304	-0.548091	-0.836419
4	1042	1305	-0.553603	-0.832781
4	1041	1306	-0.550092	-0.835104
4	1040	1306	-0.550391	-0.834907
4	1039	1307	-0.555850	-0.831282
4	1038	1308	-0.559733	-0.828673
4	1037	1308	-0.559733	-0.828673
4	1036	1309	-0.564034	-0.825751
4	1035	1309	-0.569936	-0.821689
4	1034	1310	-0.566608	-0.823987
4	1033	1311	-0.569848	-0.821750
4	1032	1312	-0.571702	-0.820462
4	1031	1312	-0.578674	-0.815559
4	1030	1313	-0.579936	-0.814662
4	1029	1314	-0.579936	-0.814662
4	1028	1315	-0.585261	-0.810845
4	1027	1315	-0.585697	-0.810530
4	1026	1316	-0.583940	-0.811797
4	1025	1317	-0.587444	-0.809265
4	1024	1317	-0.580039	-0.814589
4	1023	1318	-0.575522	-0.817786
4	1022	1319	-0.576431	-0.817146
4	1021	1320	-0.582717	-0.812675
4	1020	1320	-0.583165	-0.812354
4	1019	1321	-0.580498	-0.814262
4	1018	1322	-0.583165	-0.812354
4	1017	1322	-0.590044	-0.807371
4	1016	1323	-0.591849	-0.806049
4	1015	1324	-0.597830	-0.801623
4	1014	1324	-0.610519	-0.792002
4	1013	1325	-0.614321	-0.789056
4	1012	1326	-0.621069	-0.783756
4	1011	1327	-0.630468	-0.776215
4	1010	1328	-0.642140	-0.766588
4	1009	1328	-0.653629	-0.756815
4	1008	1329	-0.661253	-0.750163
4	1007	1330	-0.670261	-0.742125
4	1006	1331	-0.670050	-0.742316
4	1005	1332	-0.671585	-0.740927
4	1004	1333	-0.674812	-0.737990
4	1003	1334	-0.674243	-0.738509
4	1002	1335	-0.674812	-0.737990
4	1001	1336	-0.676506	-0.736438
4	1000	1337	-0.679292	-0.733868
4	999	1338	-0.683117	-0.730309
4	998	1339	-0.682287	-0.731085
4	997	1340	-0.681997	-0.731355
4	996	1340	-0.681997	-0.731355
4	995	1341	-0.682287	-0.731085
4	994	1342	-0.683117	-0.730309
4	993	1343	-0.684477	-0.729034
4	992	1344	-0.686355	-0.727267
4	991	1345	-0.688730	-0.725018
4	990	1346	-0.691579	-0.722301
4	989	1347	-0.694874	-0.719131
4	988	1348	-0.703040	-0.711151
4	987	1349	-0.711151	-0.703040
4	986	1350	-0.719131	-0.694874
4	985	1351	-0.722301	-0.691579
4	984	1352	-0.725018	-0.688730
4	983	1353	-0.727267	-0.686355
4	982	1354	-0.729034	-0.684477
4	981	1355	-0.730309	-0.683117
4	980	1356	-0.731085	-0.682287
4	979	1357	-0.731355	-0.681997
4	979	1358	-0.731355	-0.681997
4	978	1359	-0.731085	-0.682287
4	977	1360	-0.735169	-0.677883
4	976	1361	-0.738271	-0.674504
4	975	1362	-0.740357	-0.672214
4	974	1363	-0.741405	-0.671058
4	973	1364	-0.741405	-0.671058
4	972	1365	-0.740357	-0.672214
4	971	1366	-0.738271	-0.674504
4	970	1367	-0.735169	-0.677883
4	969	1368	-0.735485	-0.677541
4	968	1369	-0.739731	-0.672903
4	968	1370	-0.744676	-0.667427
4	967	1371	-0.747883	-0.663831
4	966	1372	-0.750038	-0.661394
4	965	1373	-0.751121	-0.660164
4	964	1374	-0.751121	-0.660164
4	963	1375	-0.750038	-0.661394
4	962	1376	-0.747883	-0.663831
4	961	1377	-0.744676	-0.667427
4	961	1378	-0.739731	-0.672903
4	960	1379	-0.735485	-0.677541
4	959	1380	-0.730309	-0.683117
4	958	1381	-0.729034	-0.684477
4	957	1382	-0.727267	-0.686355
4	956	1383	-0.725018	-0.688730
4	955	1384	-0.722301	-0.691579
4	954	1385	-0.719131	-0.694874
4	953	1386	-0.715528	-0.698584
4	952	1387	-0.711512	-0.702674
4	951	1388	-0.707107	-0.707107
4	950	1389	-0.707107	-0.707107
4	949	1390	-0.707107	-0.707107
4	948	1391	-0.707107	-0.707107
4	947	1392	-0.707107	-0.707107
4	946	1393	-0.702674	-0.711512
4	945	1394	-0.698584	-0.715528
4	944	1395	-0.694874	-0.719131
4	943	1396	-0.691579	-0.722301
4	942	1397	-0.688730	-0.725018
4	941	1398	-0.686355	-0.727267
4	940	1399	-0.679805	-0.733393
4	939	1400	-0.674100	-0.738640
4	938	1401	-0.669353	-0.742945
4	937	1402	-0.660909	-0.750466
4	936	1402	-0.649674	-0.760213
4	935	1403	-0.642531	-0.766260
4	934	1404	-0.631609	-0.775287
4	933	1405	-0.623020	-0.782206
4	932	1406	-0.617115	-0.786873
4	931	1407	-0.608409	-0.793623
4	930	1407	-0.595962	-0.803012
4	929	1408	-0.585261	-0.810845
4	928	1409	-0.579445	-0.815011
4	927	1409	-0.566267	-0.824222
4	926	1410	-0.561042	-0.827788
4	925	1411	-0.546598	-0.837395
4	924	1411	-0.531760	-0.846895
4	923	1412	-0.525731	-0.850651
4	922	1413	-0.519516	-0.854460
4	921	1413	-0.513650	-0.858000
4	920	1414	-0.511326	-0.859387
4	919	1414	-0.503749	-0.863850
4	918	1415	-0.496650	-0.867951
4	917	1415	-0.496650	-0.867951
4	916	1416	-0.485782	-0.874080
4	915	1416	-0.484398	-0.874848
4	914	1417	-0.479558	-0.877510
4	913	1418	-0.476790	-0.879017
4	912	1418	-0.469749	-0.882800
4	911	1419	-0.474700	-0.880147
4	910	1419	-0.467125	-0.884192
4	909	1420	-0.470864	-0.882206
4	908	1420	-0.462702	-0.886514
4	907	1421	-0.456620	-0.889662
4	906	1421	-0.448144	-0.893961
4	905	1422	-0.441752	-0.897137
4	904	1422	-0.432965	-0.901411
4	903	1423	-0.426260	-0.904601
4	902	1423	-0.428095	-0.903734
4	901	1424	-0.422662	-0.906287
4	900	1424	-0.425144	-0.905126
4	899	1425	-0.421035	-0.907045
4	898	1425	-0.414508	-0.910045
4	897	1425	-0.411915	-0.911222
4	896	1426	-0.407723	-0.913106
4	895	1426	-0.406395	-0.913698
4	894	1427	-0.404989	-0.914322
4	893	1427	-0.394860	-0.918741
4	892	1428	-0.397713	-0.917510
4	891	1428	-0.389524	-0.921016
4	890	1429	-0.387051	-0.922058
4	889	1429	-0.381593	-0.924331
4	888	1429	-0.380863	-0.924632
4	887	1430	-0.372364	-0.928087
4	886	1430	-0.353433	-0.935460
4	885	1431	-0.341967	-0.939712
4	884	1431	-0.327051	-0.945007
4	883	1431	-0.317673	-0.948200
4	882	1432	-0.303392	-0.952866
4	881	1432	-0.289148	-0.957284
4	880	1432	-0.268833	-0.963187
4	879	1433	-0.259043	-0.965866
4	878	1433	-0.236783	-0.971563
4	877	1433	-0.208711	-0.977977
4	876	1433	-0.188648	-0.982045
4	875	1433	-0.163552	-0.986535
4	874	1434	-0.149830	-0.988712
4	873	1434	-0.128438	-0.991717
4	872	1434	-0.103229	-0.994658
4	871	1434	-0.088763	-0.996053
4	870	1434	-0.071715	-0.997425
4	869	1434	-0.052075	-0.998643
4	868	1434	-0.044256	-0.999020
4	867	1434	-0.035137	-0.999383
4	866	1434	-0.024717	-0.999694
4	865	1434	-0.013001	-0.999915
4	864	1434	-0.000000	-1.000000
4	863	1434	-0.000000	-1.000000
4	862	1434	-0.000000	-1.000000
4	861	1434	-0.000000	-1.000000
4	860	1434	-0.000000	-1.000000
4	859	1434	-0.000000	-1.000000
4	858	1434	-0.000000	-1.000000
4	857	1434	-0.000000	-1.000000
4	856	1434	-0.000000	-1.000000
4	855	1434	-0.000000	-1.000000
4	854	1434	-0.000000	-1.000000
4	853	1434	-0.000000	-1.000000
4	852	1434	-0.000000	-1.000000
4	851	1434	-0.000000	-1.000000
4	850	1434	-0.000000	-1.000000
4	849	1434	-0.000000	-1.000000
4	848	1434	-0.000000	-1.000000
4	847	1434	-0.000000	-1.000000
4	846	1434	-0.000000	-1.000000
4	845	1434	-0.000000	-1.000000
4	844	1434	-0.000000	-1.000000
4	843	1434	-0.000000	-1.000000
4	842	1434	-0.000000	-1.000000
4	841	1434	-0.000000	-1.000000
4	840	1434	-0.000000	-1.000000
4	839	1434	-0.000000	-1.000000
4	838	1434	-0.000000	-1.000000
4	837	1434	-0.000000	-1.000000
4	836	1434	0.013001	-0.999915
4	835	1434	0.024717	-0.999694
4	834	1434	0.035137	-0.999383
4	833	1434	0.044256	-0.999020
4	832	1434	0.052075	-0.998643
4	831	1434	0.058597	-0.998282
4	830	1434	0.063827	-0.997961
4	829	1434	0.080883	-0.996724
4	828	1434	0.095365	-0.995442
4	827	1434	0.107293	-0.994227
4	826	1433	0.115362	-0.993324
4	825	1433	0.134346	-0.990934
4	824	1433	0.149437	-0.988771
4	823	1433	0.160777	-0.986991
4	822	1433	0.168487	-0.985704
4	821	1433	0.185415	-0.982660
4	820	1433	0.197644	-0.980274
4	819	1432	0.214014	-0.976831
4	818	1432	0.226249	-0.974070
4	817	1432	0.245561	-0.969381
4	816	1432	0.258446	-0.966026
4	815	1431	0.283393	-0.959004
4	814	1431	0.304257	-0.952590
4	813	1431	0.331007	-0.943628
4	812	1431	0.351108	-0.936335
4	811	1430	0.364439	-0.931227
4	810	1430	0.377870	-0.925858
4	809	1429	0.386671	-0.922218
4	808	1429	0.413123	-0.910675
4	807	1428	0.424899	-0.905241
4	806	1428	0.441925	-0.897052
4	805	1427	0.455335	-0.890320
4	804	1427	0.480836	-0.876810
4	803	1426	0.500562	-0.865701
4	802	1426	0.523908	-0.851775
4	801	1425	0.537746	-0.843107
4	800	1425	0.565652	-0.824644
4	799	1424	0.579047	-0.815294
4	798	1423	0.596605	-0.802535
4	797	1423	0.621242	-0.783619
4	796	1422	0.635252	-0.772305
4	795	1421	0.646568	-0.762856
4	794	1420	0.659591	-0.751624
4	793	1419	0.673872	-0.738848
4	792	1418	0.688755	-0.724994
4	791	1417	0.699480	-0.714652
4	790	1416	0.714652	-0.699480
4	789	1415	0.724994	-0.688755
4	788	1414	0.734741	-0.678348
4	787	1413	0.747930	-0.663778
4	786	1412	0.755628	-0.655001
4	785	1411	0.765901	-0.642958
4	784	1410	0.774285	-0.632836
4	784	1409	0.793102	-0.609089
4	783	1408	0.803165	-0.595756
4	782	1407	0.814645	-0.579960
4	782	1406	0.829048	-0.559177
4	781	1405	0.836129	-0.548533
4	780	1404	0.843958	-0.536409
4	780	1403	0.852871	-0.522122
4	779	1402	0.859387	-0.511326
4	779	1401	0.863850	-0.503749
4	778	1400	0.867951	-0.496650
4	778	1399	0.867951	-0.496650
4	777	1398	0.874080	-0.485782
4	777	1397	0.879683	-0.475560
4	776	1396	0.881675	-0.471858
4	775	1395	0.887018	-0.461735
4	775	1394	0.890235	-0.455501
4	774	1393	0.890767	-0.454459
4	774	1392	0.898437	-0.439103
4	773	1391	0.898377	-0.439226
4	773	1390	0.905706	-0.423907
4	772	1389	0.909228	-0.416298
4	772	1388	0.915835	-0.401555
4	772	1387	0.920252	-0.391327
4	771	1386	0.928087	-0.372364
4	771	1385	0.935460	-0.353433
4	770	1384	0.939712	-0.341967
4	770	1383	0.945007	-0.327051
4	770	1382	0.948200	-0.317673
4	769	1381	0.952866	-0.303392
4	769	1380	0.957284	-0.289148
4	769	1379	0.963187	-0.268833
4	768	1378	0.965866	-0.259043
4	768	1377	0.971563	-0.236783
4	768	1376	0.977977	-0.208711
4	768	1375	0.982045	-0.188648
4	768	1374	0.986535	-0.163552
4	767	1373	0.988712	-0.149830
4	767	1372	0.991717	-0.128438
4	767	1371	0.994658	-0.103229
4	767	1370	0.996053	-0.088763
4	767	1369	0.997425	-0.071715
4	767	1368	0.999232	-0.039177
4	767	1367	0.999807	-0.019622
4	767	1366	1.000000	0.000000
4	767	1365	0.999807	0.019622
4	767	1364	0.999232	0.039177
4	767	1363	0.997425	0.071715
4	767	1362	0.996053	0.088763
4	767	1361	0.994658	0.103229
4	767	1360	0.991717	0.128438
4	767	1359	0.988712	0.149830
4	768	1358	0.986535	0.163552
4	768	1357	0.984399	0.175949
4	768	1356	0.980334	0.197348
4	768	1355	0.976850	0.213926
4	768	1354	0.971095	0.238693
4	769	1353	0.967655	0.252276
4	769	1352	0.961443	0.275006
4	769	1351	0.956608	0.291378
4	770	1350	0.951010	0.309162
4	770	1349	0.947266	0.320450
4	770	1348	0.941436	0.337192
4	770	1347	0.933759	0.357901
4	771	1346	0.928087	0.372364
4	771	1345	0.917590	0.397529
4	772	1344	0.909198	0.416364
4	772	1343	0.902174	0.431372
4	773	1342	0.893211	0.449638
4	773	1341	0.880467	0.474108
4	774	1340	0.871248	0.490842
4	774	1339	0.853362	0.521319
4	775	1338	0.846654	0.532144
4	775	1337	0.834138	0.551556
4	776	1336	0.829762	0.558118
4	777	1335	0.820985	0.570950
4	778	1334	0.812913	0.582385
4	778	1333	0.804185	0.594379
4	779	1332	0.801428	0.598091
4	780	1331	0.795035	0.606563
4	781	1330	0.790142	0.612924
4	782	1329	0.782337	0.622855
4	782	1328	0.777250	0.629192
4	783	1327	0.776700	0.629871
4	784	1326	0.778461	0.627692
4	785	1325	0.777873	0.628421
4	786	1324	0.774945	0.632029
4	786	1323	0.769964	0.638087
4	787	1322	0.769539	0.638599
4	788	1321	0.772424	0.635107
4	789	1320	0.773004	0.634401
4	790	1319	0.771268	0.636510
4	791	1318	0.767246	0.641353
4	791	1317	0.767246	0.641353
4	792	1316	0.766260	0.642531
4	793	1315	0.763584	0.645709
4	794	1314	0.759262	0.650785
4	795	1313	0.753364	0.657604
4	796	1312	0.751184	0.660093
4	796	1311	0.746255	0.665660
4	797	1310	0.742945	0.669353
4	798	1309	0.738640	0.674100
4	799	1308	0.733393	0.679805
4	800	1307	0.727267	0.686355
4	801	1306	0.725018	0.688730
4	802	1305	0.722301	0.691579
4	803	1304	0.723773	0.690038
4	804	1303	0.724265	0.689521
4	805	1302	0.728031	0.685545
4	806	1301	0.730341	0.683083
4	807	1300	0.740589	0.671958
4	808	1299	0.749678	0.661803
4	809	1298	0.761389	0.648296
4	810	1297	0.775086	0.631856
4	811	1296	0.790101	0.612977
4	812	1295	0.802344	0.596862
4	812	1294	0.829556	0.558423
4	813	1293	0.845546	0.533903
4	813	1292	0.871959	0.489579
4	814	1291	0.889139	0.457638
4	814	1290	0.913094	0.407749
4	815	1289	0.928157	0.372189
4	815	1288	0.943814	0.330479
4	815	1287	0.955823	0.293943
4	815	1286	0.964850	0.262801
4	816	1285	0.970339	0.241748
4	816	1284	0.975460	0.220175
4	816	1283	0.981241	0.192786
4	816	1282	0.984815	0.173610
4	816	1281	0.988771	0.149437
4	816	1280	0.990934	0.134346
4	816	1279	0.993324	0.115362
4	817	1278	0.994227	0.107293
4	817	1277	0.995442	0.095365
4	817	1276	0.996724	0.080883
4	817	1275	0.997961	0.063827
4	817	1274	0.998282	0.058597
4	817	1273	0.998643	0.052075
4	817	1272	0.999020	0.044256
4	817	1271	0.999754	0.022177
4	817	1270	1.000000	0.000000
4	817	1269	0.999754	-0.022177
4	817	1268	0.999020	-0.044256
4	817	1267	0.998643	-0.052075
4	817	1266	0.997425	-0.071715
4	817	1265	0.996053	-0.088763
4	817	1264	0.994658	-0.103229
4	817	1263	0.991717	-0.128438
4	817	1262	0.988712	-0.149830
4	816	1261	0.986535	-0.163552
4	816	1260	0.984399	-0.175949
4	816	1259	0.980334	-0.197348
4	816	1258	0.976850	-0.213926
4	816	1257	0.974141	-0.225941
4	815	1256	0.970404	-0.241485
4	815	1255	0.967386	-0.253305
4	815	1254	0.965641	-0.259879
4	814	1253	0.965641	-0.259879
4	814	1252	0.964267	-0.264932
4	814	1251	0.964543	-0.263927
4	814	1250	0.963018	-0.269438
4	813	1249	0.960223	-0.279233
4	813	1248	0.959372	-0.282144
4	813	1247	0.960223	-0.279233
4	812	1246	0.963018	-0.269438
4	812	1245	0.961337	-0.275376
4	812	1244	0.961337	-0.275376
4	812	1243	0.963018	-0.269438
4	811	1242	0.960223	-0.279233
4	811	1241	0.959372	-0.282144
4	811	1240	0.960223	-0.279233
4	810	1239	0.959758	-0.280828
4	810	1238	0.958332	-0.285656
4	810	1237	0.958618	-0.284696
4	810	1236	0.957092	-0.289784
4	809	1235	0.955161	-0.296087
4	809	1234	0.954871	-0.297021
4	809	1233	0.952695	-0.303929
4	808	1232	0.953694	-0.300778
4	808	1231	0.953110	-0.302625
4	808	1230	0.950606	-0.310399
4	807	1229	0.951117	-0.308832
4	807	1228	0.946485	-0.322746
4	807	1227	0.943869	-0.330321
4	806	1226	0.944407	-0.328778
4	806	1225	0.943808	-0.330494
4	806	1224	0.941452	-0.337146
4	805	1223	0.938660	-0.344844
4	805	1222	0.938660	-0.344844
4	805	1221	0.936842	-0.349752
4	804	1220	0.935158	-0.354232
4	804	1219	0.935762	-0.352631
4	803	1218	0.931204	-0.364498
4	803	1217	0.930297	-0.366807
4	803	1216	0.931810	-0.362945
4	802	1215	0.928965	-0.370167
4	802	1214	0.928965	-0.370167
4	801	1213	0.927784	-0.373117
4	801	1212	0.926576	-0.376106
4	801	1211	0.923427	-0.383775
4	800	1210	0.925231	-0.379405
4	800	1209	0.925532	-0.378669
4	799	1208	0.924933	-0.380130
4	799	1207	0.924030	-0.382321
4	799	1206	0.921153	-0.389200
4	798	1205	0.923579	-0.383408
4	798	1204	0.924181	-0.381956
4	797	1203	0.924181	-0.381956
4	797	1202	0.923579	-0.383408
4	796	1201	0.925239	-0.379384
4	796	1200	0.927772	-0.373148
4	796	1199	0.928376	-0.371643
4	795	1198	0.932391	-0.361451
4	795	1197	0.935460	-0.353433
4	794	1196	0.936007	-0.351980
4	794	1195	0.941700	-0.336455
4	794	1194	0.941399	-0.337296
4	793	1193	0.943628	-0.331007
4	793	1192	0.941823	-0.336110
4	793	1191	0.938274	-0.345892
4	792	1190	0.934317	-0.356443
4	792	1189	0.929427	-0.369006
4	792	1188	0.927211	-0.374539
4	792	1187	0.918446	-0.395546
4	791	1186	0.918550	-0.395305
4	791	1185	0.913534	-0.406763
4	790	1184	0.919783	-0.392427
4	790	1183	0.929805	-0.368054
4	789	1182	0.938973	-0.343991
4	788	1181	0.945854	-0.324593
4	788	1180	0.957340	-0.288964
4	787	1179	0.945649	-0.325190
4	787	1178	0.939590	-0.342303
4	786	1177	0.824312	-0.566136
4	786	1176	0.746676	-0.665188
4	786	1175	0.697047	-0.717025
4	787	1174	0.778297	-0.627897
4	788	1173	-0.853193	0.521596
4	789	1173	-0.860925	0.508732
4	790	1173	-0.871859	0.489757
4	791	1174	-0.796055	0.605225
4	792	1175	-0.736369	0.676580
4	793	1176	-0.712212	0.701965
4	794	1177	-0.717394	0.696668
4	795	1178	-0.738181	0.674603
4	795	1179	-0.775901	0.630855
4	796	1180	-0.803005	0.595973
4	796	1181	-0.827966	0.560778
4	797	1182	-0.844017	0.536316
4	797	1183	-0.856449	0.516232
4	798	1184	-0.860941	0.508705
4	798	1185	-0.866614	0.498979
4	799	1186	-0.869284	0.494312
4	799	1187	-0.870787	0.491661
4	800	1188	-0.870658	0.491889
4	801	1189	-0.869324	0.494242
4	801	1190	-0.869075	0.494680
4	802	1191	-0.869075	0.494680
4	802	1192	-0.869324	0.494242
4	803	1193	-0.870658	0.491889
4	804	1194	-0.870787	0.491661
4	804	1195	-0.874080	0.485782
4	805	1196	-0.875568	0.483095
4	805	1197	-0.879359	0.476160
4	806	1198	-0.882206	0.470864
4	806	1199	-0.886514	0.462702
4	807	1200	-0.885194	0.465223
4	807	1201	-0.889770	0.456409
4	808	1202	-0.893587	0.448890
4	808	1203	-0.898153	0.439682
4	809	1204	-0.897505	0.441005
4	809	1205	-0.897222	0.441580
4	810	1206	-0.901052	0.433710
4	810	1207	-0.900480	0.434897
4	811	1208	-0.903670	0.428230
4	811	1209	-0.902805	0.430050
4	812	1210	-0.905357	0.424652
4	812	1211	-0.904198	0.427114
4	812	1212	-0.905939	0.423408
4	813	1213	-0.904662	0.426130
4	814	1214	-0.905939	0.423408
4	814	1215	-0.904198	0.427114
4	814	1216	-0.905357	0.424652
4	815	1217	-0.902805	0.430050
4	815	1218	-0.898823	0.438311
4	816	1219	-0.896290	0.443467
4	816	1220	-0.892275	0.451491
4	817	1221	-0.889770	0.456409
4	817	1222	-0.885734	0.464193
4	818	1223	-0.883531	0.468373
4	818	1224	-0.874746	0.484582
4	819	1225	-0.869533	0.493874
4	819	1226	-0.861246	0.508188
4	820	1227	-0.857348	0.514738
4	821	1228	-0.848216	0.529650
4	821	1229	-0.844000	0.536343
4	822	1230	-0.838366	0.545108
4	822	1231	-0.829718	0.558183
4	823	1232	-0.822869	0.568231
4	824	1233	-0.821926	0.569595
4	825	1234	-0.816506	0.577337
4	825	1235	-0.811800	0.583936
4	826	1236	-0.811559	0.584270
4	827	1237	-0.812193	0.583388
4	828	1238	-0.809026	0.587772
4	828	1239	-0.808872	0.587985
4	829	1240	-0.810768	0.585368
4	830	1241	-0.808872	0.587985
4	831	1242	-0.808943	0.587887
4	831	1243	-0.808479	0.588525
4	832	1244	-0.804647	0.593753
4	833	1245	-0.797765	0.602968
4	833	1246	-0.792730	0.609572
4	834	1247	-0.787963	0.615722
4	835	1248	-0.780905	0.624650
4	835	1249	-0.766567	0.642164
4	836	1250	-0.761879	0.647720
4	837	1251	-0.755628	0.655001
4	838	1252	-0.747930	0.663778
4	839	1253	-0.734741	0.678348
4	840	1254	-0.724994	0.688755
4	841	1255	-0.714652	0.699480
4	842	1256	-0.699480	0.714652
4	843	1257	-0.688755	0.724994
4	844	1258	-0.678348	0.734741
4	845	1259	-0.663778	0.747930
4	846	1260	-0.655001	0.755628
4	847	1261	-0.647720	0.761879
4	848	1262	-0.642164	0.766567
4	849	1262	-0.624650	0.780905
4	850	1263	-0.615722	0.787963
4	851	1264	-0.609572	0.792730
4	852	1264	-0.602968	0.797765
4	853	1265	-0.593753	0.804647
4	854	1266	-0.588525	0.808479
4	855	1266	-0.587887	0.808943
4	856	1267	-0.580830	0.814025
4	857	1268	-0.579040	0.815299
4	858	1269	-0.582610	0.812752
4	859	1269	-0.582610	0.812752
4	860	1270	-0.579040	0.815299
4	861	1271	-0.580830	0.814025
4	862	1272	-0.581372	0.813638
4	863	1272	-0.574946	0.818191
4	864	1273	-0.574946	0.818191
4	865	1274	-0.573636	0.819110
4	866	1274	-0.566529	0.824042
4	867	1275	-0.564641	0.825337
4	868	1276	-0.568406	0.822748
4	869	1276	-0.568406	0.822748
4	870	1277	-0.564641	0.825337
4	871	1278	-0.566529	0.824042
4	872	1278	-0.573636	0.819110
4	873	1279	-0.582279	0.812989
4	874	1280	-0.588525	0.808479
4	875	1280	-0.601690	0.798730
4	876	1281	-0.612281	0.790640
4	877	1282	-0.619860	0.784713
4	878	1283	-0.630044	0.776560
4	879	1283	-0.647337	0.762204
4	880	1284	-0.653994	0.756500
4	881	1285	-0.662213	0.749315
4	882	1286	-0.671746	0.740782
4	883	1287	-0.677541	0.735485
4	884	1288	-0.684193	0.729301
4	885	1289	-0.691579	0.722301
4	886	1290	-0.694874	0.719131
4	887	1291	-0.703040	0.711151
4	888	1292	-0.711151	0.703040
4	889	1293	-0.719131	0.694874
4	890	1294	-0.722301	0.691579
4	891	1295	-0.729301	0.684193
4	892	1296	-0.735485	0.677541
4	893	1297	-0.740782	0.671746
4	894	1298	-0.749315	0.662213
4	895	1299	-0.756500	0.653994
4	896	1300	-0.766234	0.642562
4	896	1301	-0.780663	0.624953
4	897	1302	-0.792730	0.609572
4	898	1303	-0.802148	0.597126
4	899	1304	-0.812941	0.582346
4	899	1305	-0.831586	0.555396
4	900	1306	-0.846175	0.532905
4	901	1307	-0.855903	0.517136
4	901	1308	-0.872938	0.487831
4	902	1309	-0.883644	0.468159
4	902	1310	-0.899238	0.437461
4	903	1311	-0.908286	0.418349
4	903	1312	-0.926628	0.375979
4	904	1313	-0.937659	0.347556
4	904	1314	-0.951561	0.307461
4	904	1315	-0.958739	0.284288
4	904	1316	-0.967276	0.253725
4	905	1317	-0.972267	0.233875
4	905	1318	-0.979460	0.201639
4	905	1319	-0.986462	0.163988
4	905	1320	-0.990772	0.135539
4	905	1321	-0.994685	0.102964
4	905	1322	-0.996724	0.080883
4	905	1323	-0.998426	0.056090
4	905	1324	-0.999072	0.043073
4	906	1325	-0.999566	0.029452
4	906	1326	-1.000000	-0.000000
4	906	1327	-0.999566	-0.029452
4	905	1328	-0.999072	-0.043073
4	905	1329	-0.998426	-0.056090
4	905	1330	-0.996724	-0.080883
4	905	1331	-0.994685	-0.102964
4	905	1332	-0.992488	-0.122339
4	905	1333	-0.988357	-0.152153
4	905	1334	-0.984047	-0.177910
4	905	1335	-0.977079	-0.212879
4	904	1336	-0.974571	-0.224078
4	904	1337	-0.969381	-0.245561
4	904	1338	-0.965471	-0.260509
4	904	1339	-0.955806	-0.293997
4	903	1340	-0.950389	-0.311063
4	903	1341	-0.940702	-0.339233
4	903	1342	-0.928020	-0.372530
4	902	1343	-0.922366	-0.386318
4	902	1344	-0.911697	-0.410862
4	901	1345	-0.903316	-0.428977
4	901	1346	-0.890922	-0.454156
4	900	1347	-0.877480	-0.479614
4	900	1348	-0.859519	-0.511104
4	899	1349	-0.847081	-0.531464
4	899	1350	-0.828691	-0.559707
4	898	1351	-0.812156	-0.583441
4	897	1352	-0.796015	-0.605276
4	897	1353	-0.773396	-0.633923
4	896	1354	-0.754894	-0.655847
4	895	1355	-0.738475	-0.674281
4	894	1356	-0.716394	-0.697696
4	893	1357	-0.693482	-0.720474
4	892	1358	-0.670236	-0.742148
4	891	1359	-0.647487	-0.762076
4	890	1360	-0.626295	-0.779586
4	889	1360	-0.591111	-0.806590
4	888	1361	-0.564884	-0.825170
4	887	1362	-0.537522	-0.843250
4	886	1362	-0.501231	-0.865313
4	885	1363	-0.477976	-0.878373
4	884	1363	-0.438381	-0.898789
4	883	1363	-0.401672	-0.915784
4	882	1364	-0.371061	-0.928609
4	881	1364	-0.344595	-0.938752
4	880	1365	-0.328727	-0.944425
4	879	1365	-0.307158	-0.951659
4	878	1365	-0.278567	-0.960417
4	877	1365	-0.255937	-0.966693
4	876	1366	-0.242465	-0.970160
4	875	1366	-0.217763	-0.976002
4	874	1366	-0.201227	-0.979545
4	873	1366	-0.179880	-0.983689
4	872	1366	-0.153418	-0.988161
4	871	1367	-0.125495	-0.992094
4	870	1367	-0.091213	-0.995831
4	869	1367	-0.068840	-0.997628
4	868	1367	-0.045015	-0.998986
4	867	1367	-0.019830	-0.999803
4	866	1367	0.019830	-0.999803
4	865	1367	0.045015	-0.998986
4	864	1367	0.068840	-0.997628
4	863	1367	0.104710	-0.994503
4	862	1367	0.137631	-0.990484
4	861	1366	0.163552	-0.986535
4	860	1366	0.188648	-0.982045
4	859	1366	0.208711	-0.977977
4	858	1366	0.236783	-0.971563
4	857	1366	0.272032	-0.962288
4	856	1365	0.303990	-0.952675
4	855	1365	0.312591	-0.949888
4	854	1365	0.313092	-0.949723
4	853	1364	0.337034	-0.941492
4	852	1364	0.325091	-0.945683
4	851	1364	0.297137	-0.954835
4	850	1363	0.358999	-0.933338
4	849	1363	0.335663	-0.941982
4	848	1362	0.403756	-0.914867
4	847	1361	0.467868	-0.883798
4	846	1360	0.521366	-0.853333
5	1161	1276	-0.812989	-0.582279
5	1161	1277	-0.771993	-0.635631
5	1160	1278	-0.783240	-0.621719
5	1159	1279	-0.791011	-0.611801
5	1158	1280	-0.794544	-0.607206
5	1158	1281	-0.767868	-0.640609
5	1157	1282	-0.778956	-0.627079
5	1156	1283	-0.784685	-0.619894
5	1155	1284	-0.791856	-0.610707
5	1154	1285	-0.792970	-0.609260
5	1154	1286	-0.791240	-0.611505
5	1153	1287	-0.788809	-0.614638
5	1152	1288	-0.793680	-0.608335
5	1151	1289	-0.795541	-0.605900
5	1150	1290	-0.794333	-0.607483
5	1150	1291	-0.798623	-0.601831
5	1149	1292	-0.803637	-0.595120
5	1148	1293	-0.805571	-0.592499
5	1148	1294	-0.810687	-0.585479
5	1147	1295	-0.813226	-0.581948
5	1146	1296	-0.811956	-0.583719
5	1145	1297	-0.817416	-0.576048
5	1145	1298	-0.822160	-0.569256
5	1144	1299	-0.822805	-0.568323
5	1143	1300	-0.824402	-0.566005
5	1143	1301	-0.824042	-0.566529
5	1142	1302	-0.825337	-0.564641
5	1141	1303	-0.827602	-0.561315
5	1141	1304	-0.827417	-0.561588
5	1140	1305	-0.834284	-0.551334
5	1139	1306	-0.836618	-0.547786
5	1139	1307	-0.836419	-0.548091
5	1138	1308	-0.837734	-0.546079
5	1137	1309	-0.839432	-0.543464
5	1137	1310	-0.839024	-0.544094
5	1136	1311	-0.834710	-0.550690
5	1135	1312	-0.836389	-0.548136
5	1135	1313	-0.835991	-0.548744
5	1134	1314	-0.836648	-0.547742
5	1134	1315	-0.837450	-0.546513
5	1133	1316	-0.837076	-0.547086
5	1132	1317	-0.837076	-0.547086
5	1132	1318	-0.837680	-0.546162
5	1131	1319	-0.841641	-0.540038
5	1130	1320	-0.840320	-0.542090
5	1129	1321	-0.843986	-0.536365
5	1129	1322	-0.847558	-0.530703
5	1128	1323	-0.848873	-0.528597
5	1128	1324	-0.853316	-0.521394
5	1127	1325	-0.857348	-0.514738
5	1126	1326	-0.861246	-0.508188
5	1126	1327	-0.869533	-0.493874
5	1125	1328	-0.870326	-0.492477
5	1125	1329	-0.879359	-0.476160
5	1124	1330	-0.882206	-0.470864
5	1124	1331	-0.886514	-0.462702
5	1123	1332	-0.885194	-0.465223
5	1123	1333	-0.889770	-0.456409
5	1122	1334	-0.889113	-0.457688
5	1122	1335	-0.893961	-0.448144
5	1121	1336	-0.893961	-0.448144
5	1121	1337	-0.893961	-0.448144
5	1120	1338	-0.898437	-0.439103
5	1120	1339	-0.898153	-0.439682
5	1119	1340	-0.901984	-0.431769
5	1119	1341	-0.901411	-0.432965
5	1118	1342	-0.904601	-0.426260
5	1118	1343	-0.908196	-0.418544
5	1117	1344	-0.910127	-0.414330
5	1117	1345	-0.913106	-0.407723
5	1116	1346	-0.917930	-0.396742
5	1116	1347	-0.919952	-0.392031
5	1116	1348	-0.924632	-0.380863
5	1115	1349	-0.928087	-0.372364
5	1115	1350	-0.935460	-0.353433
5	1114	1351	-0.936007	-0.351980
5	1114	1352	-0.941700	-0.336455
5	1114	1353	-0.945242	-0.326371
5	1113	1354	-0.950469	-0.310820
5	1113	1355	-0.955253	-0.295792
5	1113	1356	-0.961530	-0.274699
5	1112	1357	-0.961587	-0.274499
5	1112	1358	-0.965126	-0.261786
5	1112	1359	-0.970072	-0.242816
5	1112	1360	-0.972995	-0.230827
5	1111	1361	-0.976625	-0.214952
5	1111	1362	-0.979211	-0.202844
5	1111	1363	-0.982528	-0.186117
5	1111	1364	-0.986371	-0.164534
5	1111	1365	-0.988376	-0.152028
5	1111	1366	-0.990745	-0.135739
5	1110	1367	-0.994574	-0.104032
5	1110	1368	-0.996646	-0.081834
5	1110	1369	-0.998309	-0.058136
5	1110	1370	-0.999455	-0.033015
5	1110	1371	-0.999978	-0.006587
5	1110	1372	-0.999978	0.006587
5	1110	1373	-0.999455	0.033015
5	1110	1374	-0.998309	0.058136
5	1110	1375	-0.996646	0.081834
5	1110	1376	-0.993079	0.117450
5	1111	1377	-0.989105	0.147210
5	1111	1378	-0.986764	0.162164
5	1111	1379	-0.982528	0.186117
5	1111	1380	-0.978741	0.205099
5	1111	1381	-0.972669	0.232196
5	1111	1382	-0.967327	0.253533
5	1112	1383	-0.961724	0.274019
5	1112	1384	-0.956317	0.292331
5	1112	1385	-0.948457	0.316907
5	1113	1386	-0.945307	0.326183
5	1113	1387	-0.938798	0.344469
5	1113	1388	-0.930419	0.366496
5	1114	1389	-0.923578	0.383411
5	1114	1390	-0.912370	0.409366
5	1115	1391	-0.907562	0.419919
5	1115	1392	-0.899681	0.436548
5	1116	1393	-0.893587	0.448890
5	1116	1394	-0.880338	0.474347
5	1117	1395	-0.875053	0.484027
5	1117	1396	-0.866752	0.498740
5	1118	1397	-0.857798	0.513987
5	1118	1398	-0.844602	0.535394
5	1119	1399	-0.838058	0.545580
5	1120	1400	-0.827135	0.562003
5	1120	1401	-0.812941	0.582346
5	1121	1402	-0.798777	0.601628
5	1122	1403	-0.785909	0.618342
5	1123	1404	-0.770326	0.637650
5	1123	1405	-0.748501	0.663134
5	1124	1406	-0.731742	0.681582
5	1125	1407	-0.718173	0.695864
5	1126	1408	-0.699419	0.714712
5	1127	1409	-0.685117	0.728433
5	1128	1410	-0.666536	0.745473
5	1129	1411	-0.648938	0.760841
5	1130	1411	-0.621687	0.783266
5	1131	1412	-0.604413	0.796671
5	1132	1413	-0.584365	0.811491
5	1133	1413	-0.559177	0.829048
5	1134	1414	-0.541515	0.840691
5	1135	1415	-0.530062	0.847959
5	1136	1415	-0.507938	0.861394
5	1137	1416	-0.498860	0.866683
5	1138	1416	-0.483288	0.875462
5	1139	1417	-0.479347	0.877625
5	1140	1417	-0.471858	0.881675
5	1141	1418	-0.465223	0.885194
5	1142	1418	-0.456409	0.889770
5	1143	1419	-0.448890	0.893587
5	1144	1419	-0.439682	0.898153
5	1145	1420	-0.431769	0.901984
5	1146	1420	-0.423536	0.905879
5	1147	1421	-0.418016	0.908440
5	1148	1421	-0.410804	0.911724
5	1149	1422	-0.398499	0.917169
5	1150	1422	-0.383411	0.923578
5	1151	1423	-0.366496	0.930419
5	1152	1423	-0.344469	0.938798
5	1153	1423	-0.315668	0.948870
5	1154	1424	-0.297212	0.954812
5	1155	1424	-0.262862	0.964834
5	1156	1424	-0.235432	0.971891
5	1157	1425	-0.207978	0.978134
5	1158	1425	-0.179396	0.983777
5	1159	1425	-0.145767	0.989319
5	1160	1425	-0.121870	0.992546
5	1161	1425	-0.094093	0.995563
5	1162	1425	-0.064243	0.997934
5	1163	1425	-0.032798	0.999462
5	1164	1425	0.000000	1.000000
5	1165	1425	0.019622	0.999807
5	1166	1425	0.052346	0.998629
5	1167	1425	0.083546	0.996504
5	1168	1425	0.099299	0.995058
5	1169	1425	0.125781	0.992058
5	1170	1425	0.148413	0.988926
5	1171	1425	0.180816	0.983517
5	1172	1424	0.201470	0.979495
5	1173	1424	0.234081	0.972217
5	1174	1424	0.260509	0.965471
5	1175	1424	0.281304	0.959619
5	1176	1423	0.300500	0.953782
5	1177	1423	0.318127	0.948048
5	1178	1423	0.341831	0.939761
5	1179	1422	0.361451	0.932391
5	1180	1422	0.377901	0.925846
5	1181	1421	0.392397	0.919796
5	1182	1421	0.400561	0.916270
5	1183	1420	0.418281	0.908318
5	1184	1420	0.437937	0.899006
5	1185	1420	0.461508	0.887136
5	1186	1419	0.465455	0.885071
5	1187	1419	0.487109	0.873341
5	1188	1418	0.498491	0.866895
5	1189	1417	0.510961	0.859604
5	1190	1417	0.533954	0.845514
5	1191	1416	0.548227	0.836329
5	1192	1416	0.575411	0.817864
5	1193	1415	0.589016	0.808122
5	1194	1414	0.606503	0.795081
5	1195	1413	0.621375	0.783514
5	1196	1413	0.639155	0.769078
5	1197	1412	0.650186	0.759775
5	1198	1411	0.657983	0.753032
5	1199	1410	0.667190	0.744887
5	1200	1409	0.677541	0.735485
5	1201	1408	0.684193	0.729301
5	1202	1407	0.691579	0.722301
5	1203	1406	0.694874	0.719131
5	1204	1405	0.698584	0.715528
5	1205	1404	0.707107	0.707107
5	1206	1403	0.715528	0.698584
5	1207	1402	0.719131	0.694874
5	1208	1401	0.726532	0.687132
5	1209	1400	0.733156	0.680061
5	1210	1399	0.738923	0.673790
5	1211	1398	0.747930	0.663778
5	1212	1397	0.755628	0.655001
5	1213	1396	0.765901	0.642958
5	1214	1395	0.774285	0.632836
5	1214	1394	0.793102	0.609089
5	1215	1393	0.803165	0.595756
5	1216	1392	0.814645	0.579960
5	1216	1391	0.829048	0.559177
5	1217	1390	0.840691	0.541515
5	1218	1389	0.847959	0.530062
5	1218	1388	0.861394	0.507938
5	1219	1387	0.871083	0.491135
5	1219	1386	0.879621	0.475675
5	1220	1385	0.885613	0.464423
5	1220	1384	0.893587	0.448890
5	1221	1383	0.899681	0.436548
5	1221	1382	0.907562	0.419919
5	1222	1381	0.912370	0.409366
5	1222	1380	0.923578	0.383411
5	1223	1379	0.926619	0.376001
5	1223	1378	0.931671	0.363303
5	1223	1377	0.938962	0.344021
5	1224	1376	0.943203	0.332217
5	1224	1375	0.951895	0.306424
5	1224	1374	0.958050	0.286600
5	1225	1373	0.964669	0.263465
5	1225	1372	0.970706	0.240269
5	1225	1371	0.977444	0.211194
5	1225	1370	0.981779	0.190027
5	1226	1369	0.985911	0.167272
5	1226	1368	0.988926	0.148413
5	1226	1367	0.992058	0.125781
5	1226	1366	0.995058	0.099299
5	1226	1365	0.996504	0.083546
5	1226	1364	0.997872	0.065198
5	1226	1363	0.999020	0.044256
5	1226	1362	0.999383	0.035137
5	1226	1361	0.999694	0.024717
5	1226	1360	1.000000	0.000000
5	1226	1359	0.999694	-0.024717
5	1226	1358	0.999383	-0.035137
5	1226	1357	0.999020	-0.044256
5	1226	1356	0.998643	-0.052075
5	1226	1355	0.998282	-0.058597
5	1226	1354	0.997036	-0.076941
5	1226	1353	0.995694	-0.092700
5	1226	1352	0.994378	-0.105893
5	1226	1351	0.991534	-0.129850
5	1225	1350	0.987087	-0.160182
5	1225	1349	0.982441	-0.186571
5	1225	1348	0.980766	-0.195186
5	1225	1347	0.979990	-0.199045
5	1225	1346	0.980552	-0.196257
5	1225	1345	0.982754	-0.184916
5	1224	1344	0.969711	-0.244256
5	1224	1343	0.973249	-0.229753
5	1224	1342	0.978929	-0.204200
5	1223	1341	0.957282	-0.289156
5	1222	1340	0.927200	-0.374565
5	1222	1339	0.934317	-0.356443
6	1204	1297	-1.000000	-0.000000
6	1204	1298	-1.000000	-0.000000
6	1204	1299	-1.000000	-0.000000
6	1204	1300	-1.000000	-0.000000
6	1204	1301	-1.000000	-0.000000
7	1204	1301	-0.804795	0.593553
7	1205	1302	-0.831513	0.555505
7	1206	1303	-0.852843	0.522167
7	1207	1304	-0.866734	0.498771
7	1207	1305	-0.842885	0.538094
7	1208	1306	-0.856503	0.516142
7	1209	1307	-0.867888	0.496760
7	1209	1308	-0.853910	0.520421
7	1210	1309	-0.861808	0.507234
7	1210	1310	-0.857310	0.514801
7	1211	1311	-0.861394	0.507938
7	1211	1312	-0.866826	0.498611
7	1212	1313	-0.873620	0.486609
7	1213	1314	-0.874437	0.485140
7	1213	1315	-0.877972	0.478712
7	1214	1316	-0.880147	0.474700
7	1214	1317	-0.884192	0.467125
7	1215	1318	-0.886667	0.462408
7	1215	1319	-0.890701	0.454590
7	1216	1320	-0.893211	0.449638
7	1216	1321	-0.897222	0.441580
7	1217	1322	-0.899758	0.436389
7	1217	1323	-0.908196	0.418544
7	1218	1324	-0.910127	0.414330
7	1218	1325	-0.908659	0.417539
7	1219	1326	-0.907132	0.420847
7	1219	1327	-0.909754	0.415147
7	1219	1328	-0.919431	0.393251
7	1220	1329	-0.908592	0.417685
7	1220	1330	-0.924143	0.382046
7	1221	1331	-0.904295	0.426908
7	1221	1332	-0.924460	0.381279
7	1221	1333	-0.941117	0.338082
7	1222	1334	-0.919964	0.392002
7	1223	1335	-0.888455	0.458965
8	1204	1301	-0.800281	-0.599625
8	1203	1302	-0.818427	-0.574611
8	1202	1303	-0.841958	-0.539544
8	1201	1304	-0.858419	-0.512949
8	1200	1305	-0.875219	-0.483726
8	1200	1306	-0.852206	-0.523207
8	1199	1307	-0.865998	-0.500047
8	1199	1308	-0.852933	-0.522021
8	1198	1309	-0.856487	-0.516169
8	1198	1310	-0.853465	-0.521150
8	1197	1311	-0.855322	-0.518096
8	1196	1312	-0.861871	-0.507128
8	1196	1313	-0.866336	-0.499462
8	1195	1314	-0.865669	-0.500617
8	1195	1315	-0.865913	-0.500195
8	1194	1316	-0.862490	-0.506074
8	1194	1317	-0.858265	-0.513207
8	1193	1318	-0.857551	-0.514399
8	1192	1319	-0.856218	-0.516615
8	1192	1320	-0.851095	-0.525012
8	1191	1321	-0.853091	-0.521762
8	1191	1322	-0.849093	-0.528243
8	1190	1323	-0.844042	-0.536277
8	1189	1324	-0.844042	-0.536277
8	1189	1325	-0.839432	-0.543464
8	1188	1326	-0.837734	-0.546079
8	1187	1327	-0.836419	-0.548091
8	1187	1328	-0.836618	-0.547786
8	1186	1329	-0.834284	-0.551334
8	1185	1330	-0.832320	-0.554296
8	1185	1331	-0.832320	-0.554296
8	1184	1332	-0.829369	-0.558702
8	1183	1333	-0.832320	-0.554296
8	1183	1334	-0.832320	-0.554296
8	1182	1335	-0.829369	-0.558702
8	1181	1336	-0.832320	-0.554296
8	1181	1337	-0.832320	-0.554296
8	1180	1338	-0.834284	-0.551334
8	1179	1339	-0.836618	-0.547786
8	1179	1340	-0.836419	-0.548091
8	1178	1341	-0.837734	-0.546079
8	1177	1342	-0.839432	-0.543464
8	1177	1343	-0.844042	-0.536277
8	1176	1344	-0.844042	-0.536277
8	1175	1345	-0.849093	-0.528243
8	1175	1346	-0.853091	-0.521762
8	1174	1347	-0.855781	-0.517339
8	1174	1348	-0.865457	-0.500984
8	1173	1349	-0.870242	-0.492625
8	1172	1350	-0.873452	-0.486911
8	1172	1351	-0.885930	-0.463820
8	1171	1352	-0.894144	-0.447780
8	1171	1353	-0.905122	-0.425152
8	1170	1354	-0.916122	-0.400900
8	1170	1355	-0.929642	-0.368464
8	1169	1356	-0.936576	-0.350465
8	1169	1357	-0.950845	-0.309668
8	1169	1358	-0.961518	-0.274743
8	1168	1359	-0.970528	-0.240987
8	1168	1360	-0.979561	-0.201149
8	1168	1361	-0.987418	-0.158134
8	1168	1362	-0.993903	-0.110255
8	1168	1363	-0.997329	-0.073037
8	1168	1364	-0.999453	-0.033058
8	1168	1365	-0.999968	0.007946
8	1168	1366	-0.998807	0.048831
8	1168	1367	-0.996064	0.088632
8	1168	1368	-0.990259	0.139237
8	1168	1369	-0.980226	0.197882
8	1168	1370	-0.967701	0.252101
8	1169	1371	-0.952852	0.303434
8	1169	1372	-0.930423	0.366488
8	1169	1373	-0.898174	0.439641
8	1169	1374	-0.850105	0.526613
8	1170	1375	-0.810066	0.586338
8	1170	1376	-0.701473	0.712696
8	1171	1377	-0.632471	0.774584
8	1172	1378	-0.555201	0.831716
8	1173	1378	-0.210659	0.977560
8	1174	1378	-0.003597	0.999994
8	1175	1378	0.119904	0.992786
8	1176	1377	0.163909	0.986475
8	1177	1377	0.250916	0.968009
8	1178	1376	0.308214	0.951317
8	1179	1376	0.370603	0.928791
8	1180	1375	0.410076	0.912051
8	1181	1375	0.459211	0.888327
8	1182	1374	0.481412	0.876495
8	1183	1374	0.503457	0.864020
8	1184	1373	0.517339	0.855781
8	1185	1373	0.529346	0.848406
8	1186	1372	0.531082	0.847321
8	1187	1371	0.541065	0.840981
8	1188	1370	0.550740	0.834677
8	1189	1370	0.565742	0.824582
8	1190	1369	0.575617	0.817719
8	1191	1368	0.590253	0.807219
8	1192	1368	0.603704	0.797209
8	1193	1367	0.615722	0.787963
8	1194	1366	0.624650	0.780905
8	1195	1366	0.635423	0.772164
8	1196	1365	0.635179	0.772365
8	1197	1364	0.637754	0.770240
8	1198	1363	0.643006	0.765861
8	1199	1362	0.650697	0.759337
8	1200	1361	0.659625	0.751595
8	1201	1360	0.669893	0.742458
8	1202	1359	0.681257	0.732045
8	1203	1358	0.688060	0.725654
8	1204	1357	0.695407	0.718616
8	1205	1357	0.702873	0.711315
8	1206	1356	0.704983	0.709224
8	1207	1355	0.707107	0.707107
8	1208	1354	0.709224	0.704983
8	1209	1353	0.715888	0.698215
8	1209	1352	0.723220	0.690618
8	1210	1351	0.729764	0.683699
8	1211	1350	0.735628	0.677386
8	1212	1349	0.740752	0.671779
8	1213	1348	0.740850	0.671671
8	1214	1347	0.745254	0.666781
8	1215	1346	0.743383	0.668866
8	1216	1345	0.738945	0.673765
8	1217	1344	0.731638	0.681693
8	1217	1343	0.756444	0.654058
8	1218	1342	0.750931	0.660381
8	1219	1341	0.752039	0.659119
8	1220	1340	0.751237	0.660033
8	1221	1339	0.748719	0.662888
8	1222	1339	0.691977	0.721919
9	1456	1304	0.270349	-0.962762
9	1455	1303	0.116902	-0.993143
9	1454	1303	0.098286	-0.995158
9	1453	1302	-0.046007	-0.998941
9	1452	1302	-0.051644	-0.998666
9	1451	1302	-0.053384	-0.998574
9	1450	1302	-0.051518	-0.998672
9	1449	1302	-0.046721	-0.998908
9	1448	1302	-0.039904	-0.999204
9	1447	1302	-0.032012	-0.999487
9	1446	1302	-0.023852	-0.999715
9	1445	1303	-0.047087	-0.998891
9	1444	1303	-0.057456	-0.998348
9	1443	1303	-0.067770	-0.997701
9	1442	1303	-0.076742	-0.997051
9	1441	1303	-0.083117	-0.996540
9	1440	1303	-0.086927	-0.996215
9	1439	1303	-0.088194	-0.996103
9	1438	1303	-0.086927	-0.996215
9	1437	1303	-0.083117	-0.996540
9	1436	1303	-0.076742	-0.997051
9	1435	1303	-0.067770	-0.997701
9	1434	1303	-0.083546	-0.996504
9	1433	1303	-0.096760	-0.995308
9	1432	1304	-0.119391	-0.992847
9	1431	1304	-0.138353	-0.990383
9	1430	1304	-0.166331	-0.986070
9	1429	1304	-0.189108	-0.981956
9	1428	1304	-0.219912	-0.975520
9	1427	1304	-0.257862	-0.966182
9	1426	1304	-0.302233	-0.953234
9	1425	1304	-0.352428	-0.935839
9	1424	1305	-0.386562	-0.922264
9	1423	1305	-0.440151	-0.897924
9	1422	1306	-0.474100	-0.880471
9	1421	1306	-0.535278	-0.844676
9	1420	1307	-0.573162	-0.819442
9	1419	1307	-0.630821	-0.775928
9	1418	1308	-0.665718	-0.746203
9	1417	1309	-0.700959	-0.713202
9	1416	1310	-0.730977	-0.682402
9	1415	1311	-0.758751	-0.651380
9	1415	1312	-0.798837	-0.601547
9	1414	1313	-0.826353	-0.563152
9	1413	1314	-0.849310	-0.527894
9	1413	1315	-0.883882	-0.467710
9	1412	1316	-0.902665	-0.430344
9	1412	1317	-0.928932	-0.370251
9	1412	1318	-0.948837	-0.315767
9	1412	1319	-0.967015	-0.254719
9	1411	1320	-0.978550	-0.206010
9	1411	1321	-0.988276	-0.152675
9	1411	1322	-0.995340	-0.096427
9	1411	1323	-0.999333	-0.036512
9	1411	1324	-0.999942	0.010765
9	1411	1325	-0.998318	0.057971
9	1411	1326	-0.994644	0.103357
9	1411	1327	-0.989158	0.146855
9	1411	1328	-0.979752	0.200213
9	1412	1329	-0.977066	0.212935
9	1412	1330	-0.972571	0.232606
9	1412	1331	-0.972578	0.232576
9	1413	1332	-0.959109	0.283037
9	1413	1333	-0.959938	0.280211
9	1413	1334	-0.963767	0.266746
9	1414	1335	-0.938468	0.345365
9	1414	1336	-0.947282	0.320401
9	1415	1337	-0.917232	0.398353
9	1416	1338	-0.884335	0.466852
10	1456	1304	0.515420	0.856938
10	1457	1304	0.588641	0.808394
10	1458	1303	0.571438	0.820645
10	1459	1303	0.623637	0.781714
10	1460	1303	0.667985	0.744174
10	1461	1302	0.663063	0.748564
10	1462	1301	0.659859	0.751389
10	1463	1300	0.658755	0.752358
10	1464	1299	0.659672	0.751553
10	1465	1298	0.662157	0.749365
10	1466	1297	0.665605	0.746304
10	1467	1296	0.680746	0.732519
10	1468	1296	0.692752	0.721176
10	1469	1295	0.697143	0.716932
10	1470	1294	0.698298	0.715807
10	1470	1293	0.695525	0.718502
10	1471	1292	0.693515	0.720443
10	1472	1291	0.692115	0.721787
10	1473	1290	0.691348	0.722522
10	1474	1289	0.691218	0.722646
10	1475	1288	0.691709	0.722176
10	1476	1287	0.687943	0.725764
10	1477	1286	0.685410	0.728158
10	1478	1286	0.676247	0.736675
10	1479	1285	0.668440	0.743766
10	1480	1284	0.661394	0.750038
10	1481	1283	0.660164	0.751121
10	1482	1282	0.660164	0.751121
10	1483	1281	0.655993	0.754767
10	1484	1280	0.653646	0.756800
10	1485	1279	0.653201	0.757185
10	1486	1279	0.653284	0.757113
10	1487	1278	0.655003	0.755626
10	1488	1277	0.658578	0.752512
10	1489	1276	0.657954	0.753058
10	1490	1275	0.658578	0.752512
10	1491	1274	0.660437	0.750881
10	1492	1273	0.663495	0.748180
10	1493	1273	0.669030	0.743235
10	1494	1272	0.673215	0.739446
10	1495	1271	0.673002	0.739640
10	1496	1270	0.674504	0.738271
10	1497	1269	0.672214	0.740357
10	1498	1268	0.671058	0.741405
10	1499	1267	0.671058	0.741405
10	1500	1266	0.672214	0.740357
10	1501	1265	0.669519	0.742795
10	1502	1264	0.668553	0.743665
10	1503	1263	0.669353	0.742945
10	1504	1262	0.665660	0.746255
10	1505	1262	0.654645	0.755936
10	1506	1261	0.647039	0.762457
10	1507	1260	0.641168	0.767400
10	1508	1259	0.637209	0.770691
10	1509	1258	0.629618	0.776905
10	1510	1257	0.624680	0.780881
10	1511	1257	0.618632	0.785681
10	1512	1256	0.617104	0.786881
10	1513	1255	0.612452	0.790507
10	1514	1254	0.611655	0.791125
10	1515	1254	0.611980	0.790874
10	1516	1253	0.602332	0.798246
10	1517	1252	0.596479	0.802628
10	1518	1251	0.594725	0.803929
10	1519	1251	0.587985	0.808872
10	1520	1250	0.585368	0.810768
10	1521	1249	0.587985	0.808872
10	1522	1248	0.587887	0.808943
10	1523	1248	0.581390	0.813625
10	1524	1247	0.580498	0.814262
10	1525	1246	0.584930	0.811084
10	1526	1246	0.577671	0.816270
10	1527	1245	0.574033	0.818832
10	1528	1244	0.575857	0.817550
10	1529	1244	0.575376	0.817889
10	1530	1243	0.569848	0.821750
10	1531	1242	0.569848	0.821750
10	1532	1241	0.568489	0.822691
10	1533	1241	0.569256	0.822160
10	1534	1240	0.568323	0.822805
10	1535	1239	0.566005	0.824402
10	1536	1239	0.559389	0.828905
10	1537	1238	0.551038	0.834480
10	1538	1237	0.542511	0.840049
10	1539	1237	0.535944	0.844254
10	1540	1236	0.521384	0.853322
10	1541	1235	0.507742	0.861509
10	1542	1235	0.485973	0.873974
10	1543	1234	0.478812	0.877917
10	1544	1233	0.464875	0.885376
10	1545	1233	0.436651	0.899631
10	1546	1233	0.404214	0.914664
10	1547	1232	0.369341	0.929294
10	1548	1232	0.316343	0.948645
10	1549	1231	0.269339	0.963046
10	1550	1231	0.194573	0.980888
10	1551	1231	0.114410	0.993434
10	1552	1231	0.036961	0.999317
10	1553	1230	-0.065322	0.997864
10	1554	1230	-0.171341	0.985212
10	1555	1230	-0.284607	0.958644
10	1556	1231	-0.361815	0.932250
10	1557	1231	-0.477925	0.878401
10	1558	1232	-0.542236	0.840226
10	1559	1233	-0.606770	0.794878
10	1560	1233	-0.688919	0.724839
10	1561	1234	-0.732494	0.680774
10	1561	1235	-0.796971	0.604017
10	1562	1236	-0.836042	0.548666
10	1562	1237	-0.882496	0.470319
10	1563	1238	-0.909895	0.414839
10	1563	1239	-0.941389	0.337324
10	1563	1240	-0.963620	0.267277
10	1563	1241	-0.981418	0.191884
10	1564	1242	-0.991328	0.131412
10	1564	1243	-0.997335	0.072962
10	1564	1244	-0.999952	0.009803
10	1564	1245	-0.999234	-0.039126
10	1563	1246	-0.995310	-0.096736
10	1563	1247	-0.990184	-0.139767
10	1563	1248	-0.981320	-0.192385
10	1563	1249	-0.973834	-0.227261
10	1563	1250	-0.962847	-0.270046
10	1562	1251	-0.955437	-0.295196
10	1562	1252	-0.942899	-0.333079
10	1562	1253	-0.930627	-0.365969
10	1561	1254	-0.925542	-0.378644
10	1561	1255	-0.915238	-0.402913
10	1560	1256	-0.907458	-0.420144
10	1560	1257	-0.896222	-0.443607
10	1559	1258	-0.887328	-0.461138
10	1559	1259	-0.874591	-0.484862
10	1558	1260	-0.870701	-0.491813
10	1558	1261	-0.862885	-0.505400
10	1557	1262	-0.855332	-0.518080
10	1556	1263	-0.846895	-0.531760
10	1556	1264	-0.837395	-0.546598
10	1555	1265	-0.827788	-0.561042
10	1554	1266	-0.818939	-0.573881
10	1554	1267	-0.804334	-0.594177
10	1553	1268	-0.796076	-0.605197
10	1552	1269	-0.785071	-0.619406
10	1552	1270	-0.770685	-0.637217
10	1551	1271	-0.761879	-0.647720
10	1550	1272	-0.755628	-0.655001
10	1549	1273	-0.747930	-0.663778
10	1548	1274	-0.734741	-0.678348
10	1547	1275	-0.724994	-0.688755
10	1546	1276	-0.710434	-0.703764
10	1545	1277	-0.695489	-0.718537
10	1544	1278	-0.685096	-0.728453
10	1543	1279	-0.670513	-0.741898
10	1542	1280	-0.656639	-0.754205
10	1541	1281	-0.648768	-0.760986
10	1540	1282	-0.642562	-0.766234
10	1539	1283	-0.638226	-0.769849
10	1538	1283	-0.626565	-0.779369
10	1537	1284	-0.624513	-0.781015
10	1536	1284	-0.624376	-0.781124
10	1535	1285	-0.624953	-0.780663
10	1534	1286	-0.621212	-0.783643
10	1533	1286	-0.626272	-0.779605
10	1532	1287	-0.626066	-0.779770
10	1531	1288	-0.628807	-0.777562
10	1530	1289	-0.628033	-0.778187
10	1529	1290	-0.630891	-0.775872
10	1528	1291	-0.637209	-0.770691
10	1527	1292	-0.640668	-0.767818
10	1526	1293	-0.641435	-0.767178
10	1525	1294	-0.638930	-0.769265
10	1524	1294	-0.633575	-0.773681
10	1523	1295	-0.634284	-0.773100
10	1522	1296	-0.630891	-0.775872
10	1521	1297	-0.623768	-0.781610
10	1520	1297	-0.617261	-0.786758
10	1519	1298	-0.613394	-0.789777
10	1518	1299	-0.612613	-0.790383
10	1517	1300	-0.614948	-0.788568
10	1516	1300	-0.614479	-0.788933
10	1515	1301	-0.614482	-0.788931
10	1514	1302	-0.618326	-0.785922
10	1513	1303	-0.619086	-0.785323
10	1512	1304	-0.622855	-0.782337
10	1511	1304	-0.622715	-0.782448
10	1510	1305	-0.624181	-0.781280
10	1509	1306	-0.622691	-0.782467
10	1508	1307	-0.624181	-0.781280
10	1507	1308	-0.628592	-0.777735
10	1506	1308	-0.634874	-0.772616
10	1505	1309	-0.629871	-0.776700
10	1504	1310	-0.627692	-0.778461
10	1503	1311	-0.628421	-0.777873
10	1502	1312	-0.632029	-0.774945
10	1501	1312	-0.638087	-0.769964
10	1500	1313	-0.638599	-0.769539
10	1499	1314	-0.641168	-0.767400
10	1498	1315	-0.645709	-0.763584
10	1497	1316	-0.652080	-0.758150
10	1496	1317	-0.660093	-0.751184
10	1495	1317	-0.665660	-0.746255
10	1494	1318	-0.669353	-0.742945
10	1493	1319	-0.674100	-0.738640
10	1492	1320	-0.684342	-0.729162
10	1491	1321	-0.694991	-0.719018
10	1490	1322	-0.701047	-0.713115
10	1489	1323	-0.711436	-0.702751
10	1488	1324	-0.721423	-0.692495
10	1487	1325	-0.730864	-0.682524
10	1486	1326	-0.743837	-0.668362
10	1485	1327	-0.755628	-0.655001
10	1484	1328	-0.765901	-0.642958
10	1483	1329	-0.778057	-0.628193
10	1483	1330	-0.796966	-0.604024
10	1482	1331	-0.810760	-0.585379
10	1481	1332	-0.825256	-0.564759
10	1481	1333	-0.843972	-0.536387
10	1480	1334	-0.857685	-0.514176
10	1479	1335	-0.870459	-0.492241
10	1479	1336	-0.890922	-0.454156
10	1478	1337	-0.903237	-0.429143
10	1478	1338	-0.917104	-0.398648
10	1478	1339	-0.927955	-0.372693
10	1477	1340	-0.934239	-0.356646
10	1477	1341	-0.946877	-0.321597
10	1477	1342	-0.956513	-0.291691
10	1476	1343	-0.962288	-0.272032
10	1476	1344	-0.971563	-0.236783
10	1476	1345	-0.977977	-0.208711
10	1476	1346	-0.984244	-0.176815
10	1476	1347	-0.990113	-0.140275
10	1475	1348	-0.993200	-0.116422
10	1475	1349	-0.996335	-0.085534
10	1475	1350	-0.998651	-0.051928
10	1475	1351	-0.999532	-0.030583
10	1475	1352	-0.999986	0.005326
10	1475	1353	-0.999152	0.041173
10	1475	1354	-0.998047	0.062466
10	1475	1355	-0.996602	0.082372
10	1476	1356	-0.993719	0.111905
10	1476	1357	-0.990187	0.139747
10	1476	1358	-0.986371	0.164534
10	1476	1359	-0.982528	0.186117
10	1476	1360	-0.979211	0.202844
10	1476	1361	-0.976625	0.214952
10	1477	1362	-0.972995	0.230827
10	1477	1363	-0.970072	0.242816
10	1477	1364	-0.968386	0.249458
10	1477	1365	-0.964719	0.263281
10	1478	1366	-0.964185	0.265230
10	1478	1367	-0.957763	0.287558
10	1478	1368	-0.952780	0.303661
10	1479	1369	-0.947081	0.320994
10	1479	1370	-0.943268	0.332032
10	1479	1371	-0.937319	0.348472
10	1480	1372	-0.936197	0.351475
10	1480	1373	-0.928534	0.371246
10	1480	1374	-0.923118	0.384517
10	1481	1375	-0.919496	0.393098
10	1481	1376	-0.912370	0.409366
10	1482	1377	-0.907562	0.419919
10	1482	1378	-0.899681	0.436548
10	1483	1379	-0.898437	0.439103
10	1483	1380	-0.890214	0.455543
10	1484	1381	-0.883531	0.468373
10	1484	1382	-0.880010	0.474956
10	1485	1383	-0.874080	0.485782
10	1485	1384	-0.865552	0.500819
10	1486	1385	-0.866124	0.499829
10	1487	1386	-0.860704	0.509106
10	1487	1387	-0.860941	0.508705
10	1488	1388	-0.857551	0.514399
10	1488	1389	-0.853328	0.521375
10	1489	1390	-0.852646	0.522489
10	1490	1391	-0.851316	0.524653
10	1490	1392	-0.851316	0.524653
10	1491	1393	-0.852646	0.522489
10	1492	1394	-0.853328	0.521375
10	1492	1395	-0.857551	0.514399
10	1493	1396	-0.860941	0.508705
10	1493	1397	-0.860704	0.509106
10	1494	1398	-0.866124	0.499829
10	1495	1399	-0.865552	0.500819
10	1495	1400	-0.874080	0.485782
10	1496	1401	-0.880010	0.474956
10	1496	1402	-0.883531	0.468373
10	1497	1403	-0.890214	0.455543
10	1497	1404	-0.898437	0.439103
10	1498	1405	-0.899681	0.436548
10	1498	1406	-0.907562	0.419919
10	1499	1407	-0.912370	0.409366
10	1499	1408	-0.919496	0.393098
10	1500	1409	-0.923118	0.384517
10	1500	1410	-0.924482	0.381226
10	1500	1411	-0.928520	0.371283
10	1501	1412	-0.930783	0.365573
10	1501	1413	-0.933545	0.358461
10	1501	1414	-0.934452	0.356088
10	1502	1415	-0.935024	0.354584
10	1502	1416	-0.934722	0.355381
10	1502	1417	-0.932583	0.360955
10	1503	1418	-0.931483	0.363784
10	1503	1419	-0.928087	0.372364
10	1504	1420	-0.924632	0.380863
10	1504	1421	-0.919952	0.392031
10	1504	1422	-0.917930	0.396742
10	1505	1423	-0.913106	0.407723
10	1505	1424	-0.910127	0.414330
10	1506	1425	-0.908196	0.418544
10	1506	1426	-0.904601	0.426260
10	1507	1427	-0.901411	0.432965
10	1507	1428	-0.901984	0.431769
10	1508	1429	-0.898153	0.439682
10	1508	1430	-0.898437	0.439103
10	1509	1431	-0.893961	0.448144
10	1509	1432	-0.889113	0.457688
10	1510	1433	-0.889770	0.456409
10	1510	1434	-0.885194	0.465223
10	1511	1435	-0.886514	0.462702
10	1511	1436	-0.887056	0.461661
10	1512	1437	-0.888374	0.459121
10	1512	1438	-0.888921	0.458061
10	1513	1439	-0.890235	0.455501
10	1513	1440	-0.890787	0.454422
10	1514	1441	-0.896572	0.442898
10	1515	1442	-0.899342	0.437245
10	1515	1443	-0.905822	0.423658
10	1516	1444	-0.907420	0.420224
10	1516	1445	-0.917329	0.398129
10	1516	1446	-0.924634	0.380857
10	1517	1447	-0.929480	0.368873
10	1517	1448	-0.935362	0.353692
10	1518	1449	-0.941600	0.336733
10	1518	1450	-0.949244	0.314541
10	1518	1451	-0.958431	0.285324
10	1518	1452	-0.965093	0.261909
10	1519	1453	-0.969018	0.246992
10	1519	1454	-0.975200	0.221327
10	1519	1455	-0.979028	0.203727
10	1519	1456	-0.983435	0.181263
10	1520	1457	-0.987673	0.156531
10	1520	1458	-0.990653	0.136403
10	1520	1459	-0.993654	0.112479
10	1520	1460	-0.995058	0.099299
10	1520	1461	-0.996504	0.083546
10	1520	1462	-0.997872	0.065198
10	1520	1463	-0.999020	0.044256
10	1520	1464	-0.999383	0.035137
10	1520	1465	-0.999694	0.024717
10	1520	1466	-1.000000	-0.000000
10	1520	1467	-0.999694	-0.024717
10	1520	1468	-0.998835	-0.048260
10	1520	1469	-0.996584	-0.082588
10	1520	1470	-0.991934	-0.126753
10	1520	1471	-0.984024	-0.178037
10	1520	1472	-0.971545	-0.236857
10	1520	1473	-0.952540	-0.304413
10	1520	1474	-0.923649	-0.383239
10	1520	1475	-0.878216	-0.478265
10	1519	1476	-0.844362	-0.535773
10	1519	1477	-0.757088	-0.653312
10	1518	1478	-0.700161	-0.713985
10	1517	1479	-0.633989	-0.773342
10	1516	1480	-0.565067	-0.825045
10	1515	1480	-0.379466	-0.925206
10	1514	1480	-0.200492	-0.979695
10	1513	1480	-0.026853	-0.999639
10	1512	1480	0.126721	-0.991938
10	1511	1480	0.280528	-0.959846
10	1510	1479	0.374045	-0.927411
10	1509	1479	0.486081	-0.873914
10	1508	1478	0.552476	-0.833529
10	1507	1478	0.638428	-0.769682
10	1506	1477	0.680451	-0.732793
10	1506	1476	0.729608	-0.683865
10	1505	1475	0.762514	-0.646971
10	1504	1474	0.787691	-0.616070
10	1504	1473	0.818640	-0.574308
10	1503	1472	0.836232	-0.548375
10	1503	1471	0.855330	-0.518084
10	1502	1470	0.867514	-0.497413
10	1501	1469	0.876355	-0.481666
10	1501	1468	0.885659	-0.464336
10	1501	1467	0.890511	-0.454962
10	1500	1466	0.894987	-0.446091
10	1500	1465	0.899835	-0.436231
10	1499	1464	0.904311	-0.426874
10	1499	1463	0.904022	-0.427485
10	1498	1462	0.907854	-0.419287
10	1498	1461	0.907270	-0.420548
10	1497	1460	0.905996	-0.423286
10	1497	1459	0.905415	-0.424527
10	1496	1458	0.899006	-0.437937
10	1496	1457	0.898153	-0.439682
10	1496	1456	0.895273	-0.445518
10	1495	1455	0.890511	-0.454962
10	1495	1454	0.887840	-0.460152
10	1494	1453	0.883798	-0.467868
10	1494	1452	0.876044	-0.482231
10	1493	1451	0.873463	-0.486891
10	1492	1450	0.869324	-0.494242
10	1492	1449	0.859840	-0.510564
10	1491	1448	0.857783	-0.514012
10	1491	1447	0.849093	-0.528243
10	1490	1446	0.849103	-0.528228
10	1489	1445	0.848439	-0.529293
10	1489	1444	0.848658	-0.528943
10	1488	1443	0.850651	-0.525731
10	1487	1442	0.851987	-0.523563
10	1487	1441	0.856436	-0.516253
10	1486	1440	0.860488	-0.509470
10	1485	1439	0.858533	-0.512758
10	1485	1438	0.866580	-0.499038
10	1484	1437	0.871083	-0.491135
10	1484	1436	0.879621	-0.475675
10	1483	1435	0.885613	-0.464423
10	1483	1434	0.893587	-0.448890
10	1482	1433	0.899681	-0.436548
10	1482	1432	0.907562	-0.419919
10	1481	1431	0.912370	-0.409366
10	1481	1430	0.919496	-0.393098
10	1480	1429	0.923118	-0.384517
10	1480	1428	0.928534	-0.371246
10	1480	1427	0.936197	-0.351475
10	1479	1426	0.937319	-0.348472
10	1479	1425	0.943268	-0.332032
10	1479	1424	0.943268	-0.332032
10	1478	1423	0.946023	-0.324100
10	1478	1422	0.948312	-0.317338
10	1478	1421	0.948906	-0.315559
10	1477	1420	0.948386	-0.317119
10	1477	1419	0.950929	-0.309409
10	1477	1418	0.947790	-0.318894
10	1477	1417	0.946691	-0.322142
10	1476	1416	0.949828	-0.312772
10	1476	1415	0.946669	-0.322209
10	1475	1414	0.946139	-0.323760
10	1475	1413	0.948720	-0.316117
10	1475	1412	0.945541	-0.325503
10	1474	1411	0.945007	-0.327051
10	1474	1410	0.947606	-0.319441
10	1474	1409	0.944407	-0.328778
10	1473	1408	0.943869	-0.330321
10	1473	1407	0.946485	-0.322746
10	1473	1406	0.947379	-0.320113
10	1472	1405	0.947379	-0.320113
10	1472	1404	0.950232	-0.311543
10	1472	1403	0.951117	-0.308832
10	1471	1402	0.950606	-0.310399
10	1471	1401	0.953110	-0.302625
10	1471	1400	0.953694	-0.300778
10	1470	1399	0.952695	-0.303929
10	1470	1398	0.954871	-0.297021
10	1470	1397	0.955161	-0.296087
10	1469	1396	0.953679	-0.300825
10	1469	1395	0.955550	-0.294829
10	1469	1394	0.951918	-0.306354
10	1469	1393	0.950281	-0.311395
10	1468	1392	0.948609	-0.316450
10	1468	1391	0.945124	-0.326711
10	1468	1390	0.939535	-0.342452
10	1467	1389	0.938962	-0.344021
10	1467	1388	0.931671	-0.363303
10	1467	1387	0.926619	-0.376001
10	1466	1386	0.923578	-0.383411
10	1466	1385	0.912370	-0.409366
10	1465	1384	0.907562	-0.419919
10	1465	1383	0.899681	-0.436548
10	1464	1382	0.893587	-0.448890
10	1464	1381	0.885613	-0.464423
10	1463	1380	0.879621	-0.475675
10	1463	1379	0.871083	-0.491135
10	1462	1378	0.861394	-0.507938
10	1462	1377	0.847959	-0.530062
10	1461	1376	0.840691	-0.541515
10	1460	1375	0.829048	-0.559177
10	1460	1374	0.820439	-0.571734
10	1459	1373	0.813802	-0.581143
10	1458	1372	0.807763	-0.589508
10	1458	1371	0.794018	-0.607894
10	1457	1370	0.788449	-0.615100
10	1456	1369	0.780069	-0.625694
10	1455	1368	0.769976	-0.638073
10	1454	1367	0.757816	-0.652468
10	1453	1366	0.748841	-0.662750
10	1452	1365	0.734462	-0.678650
10	1452	1364	0.717702	-0.696350
10	1451	1363	0.703360	-0.710833
10	1450	1362	0.688808	-0.724944
10	1449	1361	0.669889	-0.742461
10	1448	1360	0.656724	-0.754131
10	1447	1359	0.645157	-0.764050
10	1446	1359	0.623790	-0.781592
10	1445	1358	0.613892	-0.789390
10	1444	1357	0.611992	-0.790864
10	1443	1357	0.605811	-0.795609
10	1442	1356	0.605694	-0.795698
10	1441	1356	0.615240	-0.788340
10	1440	1355	0.615760	-0.787934
10	1439	1355	0.629280	-0.777179
10	1438	1354	0.633641	-0.773627
10	1437	1353	0.634404	-0.773002
10	1436	1352	0.639484	-0.768805
10	1435	1351	0.636035	-0.771660
10	1435	1350	0.636718	-0.771097
10	1434	1349	0.636054	-0.771644
10	1433	1348	0.633361	-0.773856
10	1432	1347	0.629795	-0.776762
10	1431	1347	0.604276	-0.796775
10	1430	1346	0.592150	-0.805828
10	1429	1345	0.569885	-0.821724
10	1428	1345	0.537973	-0.842962
10	1427	1344	0.514287	-0.857618
10	1426	1344	0.487333	-0.873216
10	1425	1343	0.474721	-0.880136
10	1424	1343	0.460265	-0.887782
10	1423	1342	0.463277	-0.886214
10	1422	1342	0.442256	-0.896889
10	1421	1342	0.416819	-0.908989
10	1420	1341	0.430179	-0.902744
10	1419	1341	0.387399	-0.921912
10	1418	1340	0.434767	-0.900543
10	1417	1340	0.383402	-0.923582
10	1416	1339	0.442723	-0.896658
10	1415	1338	0.492994	-0.870033
11	1456	1304	-0.760972	-0.648785
11	1456	1305	-0.688345	-0.725384
11	1456	1306	-0.620943	-0.783856
11	1455	1307	-0.602287	-0.798280
11	1454	1308	-0.590253	-0.807219
11	1453	1309	-0.586981	-0.809601
11	1452	1309	-0.625088	-0.780555
11	1451	1310	-0.613691	-0.789546
11	1450	1311	-0.610746	-0.791827
11	1449	1311	-0.621094	-0.783736
11	1448	1312	-0.619044	-0.785356
11	1447	1313	-0.609622	-0.792692
11	1446	1314	-0.600825	-0.799380
11	1445	1314	-0.600454	-0.799659
11	1444	1315	-0.601329	-0.799001
11	1443	1316	-0.606248	-0.795276
11	1442	1317	-0.614948	-0.788568
11	1441	1317	-0.621231	-0.783627
11	1440	1318	-0.620457	-0.784241
11	1439	1319	-0.623437	-0.781873
11	1438	1320	-0.623437	-0.781873
11	1437	1321	-0.626397	-0.779504
11	1436	1321	-0.632502	-0.774559
11	1435	1322	-0.638599	-0.769539
11	1434	1323	-0.641168	-0.767400
11	1433	1324	-0.639797	-0.768544
11	1432	1325	-0.641168	-0.767400
11	1431	1326	-0.645229	-0.763989
11	1430	1326	-0.645132	-0.764071
11	1429	1327	-0.645612	-0.763665
11	1428	1328	-0.642242	-0.766502
11	1427	1329	-0.641562	-0.767071
11	1426	1330	-0.643597	-0.765365
11	1425	1331	-0.644173	-0.764880
11	1424	1332	-0.648238	-0.761438
11	1423	1332	-0.630490	-0.776198
11	1422	1333	-0.632647	-0.774440
11	1421	1334	-0.640286	-0.768137
11	1420	1335	-0.653127	-0.757248
11	1419	1336	-0.658618	-0.752477
11	1418	1336	-0.604431	-0.796658
11	1417	1337	-0.611680	-0.791105
11	1416	1338	-0.622691	-0.782467
12	1223	1335	0.771510	0.636217
12	1224	1334	0.782245	0.622970
12	1225	1333	0.790117	0.612957
12	1226	1332	0.803963	0.594679
12	1226	1331	0.771370	0.636387
12	1227	1330	0.781929	0.623368
12	1228	1329	0.795309	0.606204
12	1229	1328	0.801590	0.597874
12	1230	1327	0.801475	0.598028
12	1230	1326	0.799495	0.600673
12	1231	1325	0.802628	0.596479
12	1232	1324	0.805183	0.593027
12	1233	1323	0.809254	0.587459
12	1233	1322	0.813625	0.581390
12	1234	1321	0.817719	0.575617
12	1235	1320	0.823283	0.567631
12	1235	1319	0.832975	0.553311
12	1236	1318	0.837935	0.545770
12	1237	1317	0.842896	0.538077
12	1237	1316	0.846895	0.531760
12	1238	1315	0.855332	0.518080
12	1239	1314	0.858533	0.512758
12	1239	1313	0.866580	0.499038
12	1240	1312	0.866683	0.498860
12	1240	1311	0.875462	0.483288
12	1241	1310	0.877625	0.479347
12	1241	1309	0.881675	0.471858
12	1242	1308	0.885194	0.465223
12	1242	1307	0.889770	0.456409
12	1243	1306	0.889113	0.457688
12	1243	1305	0.889113	0.457688
12	1244	1304	0.889770	0.456409
12	1244	1303	0.885194	0.465223
12	1245	1302	0.881675	0.471858
12	1245	1301	0.877625	0.479347
12	1246	1300	0.875462	0.483288
12	1246	1299	0.866683	0.498860
12	1247	1298	0.861394	0.507938
12	1247	1297	0.847959	0.530062
12	1248	1296	0.840691	0.541515
12	1249	1295	0.829048	0.559177
12	1249	1294	0.814645	0.579960
12	1250	1293	0.803165	0.595756
12	1251	1292	0.789582	0.613645
12	1251	1291	0.763379	0.645951
12	1252	1290	0.744145	0.668018
12	1253	1289	0.722793	0.691064
12	1254	1288	0.700518	0.713634
12	1255	1287	0.673339	0.739334
12	1256	1286	0.646612	0.762819
12	1257	1285	0.616548	0.787317
12	1258	1284	0.584445	0.811434
12	1259	1283	0.556339	0.830955
12	1260	1283	0.482500	0.875896
12	1261	1283	0.407163	0.913355
12	1262	1283	0.333580	0.942722
12	1263	1282	0.277136	0.960831
12	1264	1282	0.189614	0.981859
12	1265	1282	0.109417	0.993996
12	1266	1282	0.026508	0.999649
12	1267	1282	-0.056983	0.998375
12	1268	1282	-0.138701	0.990334
12	1269	1282	-0.216744	0.976229
12	1270	1283	-0.272903	0.962042
12	1271	1283	-0.342940	0.939357
12	1272	1283	-0.414023	0.910266
12	1273	1283	-0.487212	0.873284
12	1274	1284	-0.522444	0.852673
12	1275	1284	-0.585399	0.810746
12	1276	1285	-0.616000	0.787746
12	1277	1286	-0.644776	0.764372
12	1278	1287	-0.674945	0.737868
12	1279	1288	-0.700825	0.713333
12	1280	1289	-0.726136	0.687551
12	1281	1290	-0.749456	0.662054
12	1282	1291	-0.770946	0.636901
12	1282	1292	-0.797071	0.603886
12	1283	1293	-0.812572	0.582861
12	1283	1294	-0.830314	0.557295
12	1284	1295	-0.842668	0.538433
12	1285	1296	-0.850651	0.525731
12	1285	1297	-0.864333	0.502920
12	1286	1298	-0.870326	0.492477
12	1286	1299	-0.879359	0.476160
12	1287	1300	-0.882206	0.470864
12	1287	1301	-0.886514	0.462702
12	1288	1302	-0.885194	0.465223
12	1288	1303	-0.889770	0.456409
12	1289	1304	-0.889113	0.457688
12	1289	1305	-0.893961	0.448144
12	1290	1306	-0.893961	0.448144
12	1290	1307	-0.889113	0.457688
12	1291	1308	-0.889770	0.456409
12	1291	1309	-0.885194	0.465223
12	1292	1310	-0.881675	0.471858
12	1292	1311	-0.877625	0.479347
12	1293	1312	-0.875462	0.483288
12	1293	1313	-0.866683	0.498860
12	1294	1314	-0.861394	0.507938
12	1294	1315	-0.853573	0.520973
12	1295	1316	-0.851096	0.525011
12	1296	1317	-0.843380	0.537317
12	1296	1318	-0.834113	0.551593
12	1297	1319	-0.825232	0.564793
12	1298	1320	-0.817078	0.576527
12	1298	1321	-0.802681	0.596409
12	1299	1322	-0.795081	0.606503
12	1300	1323	-0.784713	0.619860
12	1301	1324	-0.776560	0.630044
12	1301	1325	-0.758269	0.651942
12	1302	1326	-0.748784	0.662815
12	1303	1327	-0.737999	0.674801
12	1304	1328	-0.721897	0.692001
12	1305	1329	-0.709561	0.704644
12	1306	1330	-0.696944	0.717125
12	1307	1331	-0.679711	0.733480
12	1308	1332	-0.667633	0.744491
12	1309	1333	-0.651803	0.758388
12	1310	1334	-0.637441	0.770499
12	1311	1334	-0.609089	0.793102
12	1312	1335	-0.590102	0.807328
12	1313	1336	-0.574725	0.818346
12	1314	1336	-0.546908	0.837193
12	1315	1337	-0.523540	0.852001
12	1316	1338	-0.500197	0.865912
12	1317	1338	-0.462037	0.886861
12	1318	1339	-0.442961	0.896541
12	1319	1339	-0.411525	0.911399
12	1320	1340	-0.393467	0.919339
12	1321	1340	-0.364140	0.931344
12	1322	1340	-0.317130	0.948382
12	1323	1341	-0.282124	0.959378
12	1324	1341	-0.240796	0.970576
12	1325	1341	-0.192385	0.981320
12	1326	1341	-0.151895	0.988397
12	1327	1341	-0.120617	0.992699
12	1328	1342	-0.075217	0.997167
12	1329	1342	-0.036911	0.999319
12	1330	1342	0.002721	0.999996
12	1331	1342	0.042351	0.999103
12	1332	1341	0.077542	0.996989
12	1333	1341	0.112335	0.993670
12	1334	1341	0.144846	0.989454
12	1335	1341	0.173179	0.984890
12	1336	1341	0.210620	0.977568
12	1337	1341	0.255915	0.966699
12	1338	1340	0.270849	0.962622
12	1339	1340	0.272845	0.962058
12	1340	1340	0.264689	0.964334
12	1341	1339	0.301016	0.953619
12	1342	1339	0.280211	0.959938
12	1343	1339	0.266746	0.963767
12	1344	1338	0.345365	0.938468
12	1345	1338	0.320401	0.947282
12	1346	1337	0.398353	0.917232
12	1347	1336	0.466852	0.884335
13	1223	1335	-0.946738	-0.322006
13	1222	1336	-0.997484	-0.070889
13	1222	1337	-0.978216	-0.207591
13	1222	1338	-0.979578	-0.201066
13	1222	1339	-0.990957	-0.134178
14	1347	1336	0.886049	-0.463591
14	1347	1335	0.855531	-0.517752
14	1346	1334	0.873330	-0.487130
14	1346	1333	0.847233	-0.531221
14	1345	1332	0.865191	-0.501442
14	1344	1331	0.881675	-0.471858
14	1344	1330	0.862951	-0.505288
14	1343	1329	0.875169	-0.483817
14	1343	1328	0.865903	-0.500212
14	1342	1327	0.873173	-0.487411
14	1342	1326	0.876439	-0.481512
14	1341	1325	0.877770	-0.479082
14	1340	1324	0.882410	-0.470482
14	1340	1323	0.885389	-0.464850
14	1339	1322	0.890767	-0.454459
14	1339	1321	0.898437	-0.439103
14	1338	1320	0.902534	-0.430618
14	1338	1319	0.909538	-0.415620
14	1337	1318	0.912465	-0.409155
14	1337	1317	0.922821	-0.385230
14	1337	1316	0.930620	-0.365986
14	1336	1315	0.940272	-0.340425
14	1336	1314	0.949686	-0.313203
14	1335	1313	0.954606	-0.297873
14	1335	1312	0.964108	-0.265509
14	1335	1311	0.970706	-0.240269
14	1335	1310	0.977924	-0.208961
14	1334	1309	0.981728	-0.190290
14	1334	1308	0.987251	-0.159169
14	1334	1307	0.990458	-0.137817
14	1334	1306	0.993638	-0.112624
14	1334	1305	0.996504	-0.083546
14	1334	1304	0.997872	-0.065198
14	1334	1303	0.999020	-0.044256
14	1334	1302	0.999383	-0.035137
14	1334	1301	0.999694	-0.024717
14	1334	1300	0.999915	-0.013001
14	1334	1299	0.999915	0.013001
14	1334	1298	0.999694	0.024717
14	1334	1297	0.999383	0.035137
14	1334	1296	0.999020	0.044256
14	1334	1295	0.998643	0.052075
14	1334	1294	0.998282	0.058597
14	1334	1293	0.997961	0.063827
14	1334	1292	0.996724	0.080883
14	1334	1291	0.995442	0.095365
14	1334	1290	0.994227	0.107293
14	1335	1289	0.993324	0.115362
14	1335	1288	0.990934	0.134346
14	1335	1287	0.988771	0.149437
14	1335	1286	0.986991	0.160777
14	1335	1285	0.983435	0.181263
14	1335	1284	0.980419	0.196925
14	1335	1283	0.978136	0.207968
14	1336	1282	0.974941	0.222464
14	1336	1281	0.972354	0.233511
14	1336	1280	0.967818	0.251651
14	1336	1279	0.964669	0.263465
14	1337	1278	0.958050	0.286600
14	1337	1277	0.951895	0.306424
14	1337	1276	0.943203	0.332217
14	1338	1275	0.934755	0.355292
14	1338	1274	0.927651	0.373449
14	1338	1273	0.918015	0.396545
14	1339	1272	0.911478	0.411348
14	1339	1271	0.900867	0.434096
14	1340	1270	0.893211	0.449638
14	1340	1269	0.881002	0.473113
14	1341	1268	0.873098	0.487545
14	1341	1267	0.855646	0.517561
14	1342	1266	0.844641	0.535334
14	1343	1265	0.833523	0.552485
14	1343	1264	0.814645	0.579960
14	1344	1263	0.803165	0.595756
14	1345	1262	0.793102	0.609089
14	1345	1261	0.770499	0.637441
14	1346	1260	0.758388	0.651803
14	1347	1259	0.744491	0.667633
14	1348	1258	0.729332	0.684160
14	1349	1257	0.709071	0.705137
14	1350	1256	0.688632	0.725111
14	1351	1255	0.668051	0.744115
14	1352	1254	0.643601	0.765361
14	1353	1253	0.620652	0.784086
14	1354	1252	0.595502	0.803354
14	1355	1252	0.545929	0.837831
14	1356	1251	0.515943	0.856623
14	1357	1250	0.486212	0.873841
14	1358	1250	0.424557	0.905401
14	1359	1250	0.364328	0.931271
14	1360	1250	0.306596	0.951840
14	1361	1249	0.262551	0.964918
14	1362	1249	0.197008	0.980402
14	1363	1249	0.139061	0.990284
14	1364	1249	0.090633	0.995884
14	1365	1249	0.053178	0.998585
14	1366	1249	0.000000	1.000000
14	1367	1249	-0.039694	0.999212
14	1368	1249	-0.064834	0.997896
14	1369	1249	-0.102009	0.994783
14	1370	1249	-0.149936	0.988696
14	1371	1249	-0.193129	0.981173
14	1372	1250	-0.224579	0.974456
14	1373	1250	-0.267443	0.963574
14	1374	1250	-0.315767	0.948837
14	1375	1250	-0.368646	0.929570
14	1376	1251	-0.394080	0.919076
14	1377	1251	-0.434581	0.900633
14	1378	1251	-0.478397	0.878144
14	1379	1252	-0.503871	0.863779
14	1380	1253	-0.531454	0.847087
14	1381	1253	-0.569977	0.821661
14	1382	1254	-0.590488	0.807047
14	1383	1255	-0.615061	0.788480
14	1384	1256	-0.636926	0.770925
14	1385	1257	-0.659950	0.751310
14	1386	1257	-0.682763	0.730640
14	1387	1258	-0.703752	0.710446
14	1388	1259	-0.720018	0.693955
14	1388	1260	-0.740361	0.672209
14	1389	1261	-0.760861	0.648915
14	1390	1262	-0.779073	0.626933
14	1391	1263	-0.795173	0.606383
14	1392	1264	-0.812038	0.583605
14	1393	1265	-0.828586	0.559862
14	1393	1266	-0.857263	0.514880
14	1394	1267	-0.874263	0.485452
14	1394	1268	-0.897811	0.440381
14	1395	1269	-0.907135	0.420839
14	1395	1270	-0.923566	0.383439
14	1395	1271	-0.941474	0.337085
14	1396	1272	-0.952820	0.303535
14	1396	1273	-0.965543	0.260245
14	1396	1274	-0.974708	0.223482
14	1396	1275	-0.981015	0.193930
14	1396	1276	-0.985021	0.172436
14	1396	1277	-0.989311	0.145818
14	1396	1278	-0.991747	0.128210
14	1397	1279	-0.994227	0.107293
14	1397	1280	-0.996575	0.082695
14	1397	1281	-0.998401	0.056531
14	1397	1282	-0.999582	0.028911
14	1397	1283	-0.999895	0.014469
14	1397	1284	-1.000000	-0.000000
14	1397	1285	-0.999895	-0.014469
14	1397	1286	-0.999582	-0.028911
14	1397	1287	-0.998401	-0.056531
14	1397	1288	-0.996575	-0.082695
14	1397	1289	-0.994227	-0.107293
14	1396	1290	-0.993324	-0.115362
14	1396	1291	-0.990934	-0.134346
14	1396	1292	-0.988771	-0.149437
14	1396	1293	-0.986991	-0.160777
14	1396	1294	-0.983435	-0.181263
14	1396	1295	-0.980419	-0.196925
14	1396	1296	-0.978136	-0.207968
14	1395	1297	-0.974941	-0.222464
14	1395	1298	-0.972354	-0.233511
14	1395	1299	-0.967818	-0.251651
14	1395	1300	-0.964669	-0.263465
14	1394	1301	-0.958050	-0.286600
14	1394	1302	-0.951895	-0.306424
14	1394	1303	-0.943203	-0.332217
14	1393	1304	-0.938962	-0.344021
14	1393	1305	-0.931671	-0.363303
14	1393	1306	-0.926619	-0.376001
14	1392	1307	-0.923578	-0.383411
14	1392	1308	-0.912370	-0.409366
14	1391	1309	-0.902738	-0.430191
14	1391	1310	-0.895086	-0.445894
14	1390	1311	-0.889662	-0.456620
14	1390	1312	-0.876662	-0.481107
14	1389	1313	-0.864504	-0.502626
14	1389	1314	-0.848513	-0.529174
14	1388	1315	-0.833347	-0.552750
14	1388	1316	-0.812053	-0.583584
14	1387	1317	-0.797421	-0.603423
14	1386	1318	-0.778968	-0.627064
14	1385	1319	-0.758608	-0.651547
14	1385	1320	-0.728827	-0.684698
14	1384	1321	-0.707107	-0.707107
14	1383	1322	-0.684698	-0.728827
14	1382	1322	-0.651547	-0.758608
14	1381	1323	-0.627064	-0.778968
14	1380	1324	-0.603423	-0.797421
14	1379	1325	-0.577572	-0.816339
14	1378	1325	-0.546395	-0.837528
14	1377	1326	-0.523405	-0.852084
14	1376	1326	-0.488945	-0.872314
14	1375	1327	-0.469209	-0.883087
14	1374	1327	-0.444961	-0.895550
14	1373	1328	-0.427784	-0.903881
14	1372	1328	-0.413309	-0.910591
14	1371	1329	-0.395756	-0.918356
14	1370	1329	-0.371246	-0.928534
14	1369	1329	-0.351475	-0.936197
14	1368	1330	-0.348472	-0.937319
14	1367	1330	-0.332032	-0.943268
14	1366	1330	-0.320994	-0.947081
14	1365	1331	-0.314436	-0.949279
14	1364	1331	-0.308502	-0.951224
14	1363	1331	-0.296087	-0.955161
14	1362	1332	-0.300825	-0.953679
14	1361	1332	-0.306354	-0.951918
14	1360	1332	-0.316784	-0.948498
14	1359	1332	-0.332732	-0.943022
14	1358	1333	-0.328640	-0.944455
14	1357	1333	-0.328080	-0.944650
14	1356	1333	-0.314736	-0.949179
14	1355	1334	-0.338171	-0.941085
14	1354	1334	-0.323429	-0.946253
14	1353	1334	-0.293356	-0.956003
14	1352	1335	-0.347623	-0.937634
14	1351	1336	-0.427089	-0.904209
14	1350	1336	-0.396245	-0.918145
14	1349	1337	-0.462555	-0.886590
15	1347	1336	-0.525731	0.850651
15	1348	1337	-0.525731	0.850651
15	1349	1337	-0.382683	0.923880
16	1349	1337	-0.750059	0.661371
16	1349	1338	-0.690015	0.723795
16	1350	1339	-0.683251	0.730183
16	1351	1340	-0.668083	0.744087
16	1352	1341	-0.655502	0.755193
16	1353	1342	-0.637254	0.770654
16	1354	1343	-0.625503	0.780222
16	1355	1344	-0.612791	0.790245
16	1356	1345	-0.609581	0.792724
16	1357	1346	-0.608080	0.793876
16	1358	1346	-0.595448	0.803394
16	1359	1347	-0.573791	0.819002
16	1360	1348	-0.554879	0.831931
16	1361	1348	-0.519476	0.854485
16	1362	1349	-0.500370	0.865812
16	1363	1349	-0.468722	0.883346
16	1364	1350	-0.444925	0.895568
16	1365	1350	-0.411348	0.911478
16	1366	1351	-0.387494	0.921872
16	1367	1351	-0.355023	0.934858
16	1368	1351	-0.337839	0.941204
16	1369	1352	-0.316907	0.948457
16	1370	1352	-0.292331	0.956317
16	1371	1352	-0.274019	0.961724
16	1372	1353	-0.253533	0.967327
16	1373	1353	-0.232196	0.972669
16	1374	1353	-0.205099	0.978741
16	1375	1353	-0.174252	0.984701
16	1376	1353	-0.138876	0.990310
16	1377	1353	-0.113446	0.993544
16	1378	1354	-0.086956	0.996212
16	1379	1354	-0.054640	0.998506
16	1380	1354	-0.034604	0.999401
16	1381	1354	0.000000	1.000000
16	1382	1354	0.034604	0.999401
16	1383	1354	0.054640	0.998506
16	1384	1354	0.086956	0.996212
16	1385	1353	0.113446	0.993544
16	1386	1353	0.151962	0.988386
16	1387	1353	0.185869	0.982575
16	1388	1353	0.228123	0.973632
16	1389	1353	0.252649	0.967558
16	1390	1353	0.284537	0.958665
16	1391	1352	0.298960	0.954266
16	1392	1352	0.325956	0.945385
16	1393	1352	0.346228	0.938150
16	1394	1351	0.359808	0.933026
16	1395	1351	0.384900	0.922958
16	1396	1350	0.402293	0.915511
16	1397	1350	0.427889	0.903831
16	1398	1349	0.439103	0.898437
16	1399	1349	0.455543	0.890214
16	1400	1348	0.468373	0.883531
16	1401	1348	0.484582	0.874746
16	1402	1347	0.493874	0.869533
16	1403	1347	0.508188	0.861246
16	1404	1346	0.514738	0.857348
16	1405	1345	0.529650	0.848216
16	1406	1345	0.530257	0.847837
16	1407	1344	0.538562	0.842586
16	1408	1344	0.525731	0.850651
16	1409	1343	0.538246	0.842788
16	1410	1342	0.554296	0.832320
16	1411	1341	0.583482	0.812126
16	1412	1341	0.540579	0.841293
16	1413	1340	0.568758	0.822505
16	1414	1339	0.589482	0.807781
16	1415	1338	0.614482	0.788931
17	1415	1338	0.000000	1.000000
17	1416	1338	0.000000	1.000000
18	846	1360	0.855094	0.518473
18	847	1359	0.882732	0.469878
18	847	1358	0.853723	0.520727
18	848	1357	0.880780	0.473525
18	849	1356	0.905373	0.424617
18	849	1355	0.888065	0.459718
18	850	1354	0.904739	0.425966
18	850	1353	0.900041	0.435806
18	851	1352	0.906584	0.422026
18	851	1351	0.905790	0.423727
18	852	1350	0.908464	0.417964
18	852	1349	0.919483	0.393131
18	853	1348	0.925720	0.378209
18	853	1347	0.935093	0.354401
18	853	1346	0.942001	0.335611
18	854	1345	0.945688	0.325076
18	854	1344	0.953972	0.299894
18	854	1343	0.959758	0.280828
18	855	1342	0.965866	0.259043
18	855	1341	0.971563	0.236783
18	855	1340	0.977977	0.208711
18	855	1339	0.982045	0.188648
18	855	1338	0.988474	0.151392
18	856	1337	0.991970	0.126474
18	856	1336	0.996647	0.081823
18	856	1335	0.999390	0.034929
18	856	1334	0.999926	-0.012192
18	856	1333	0.997374	-0.072427
18	856	1332	0.989542	-0.144247
18	856	1331	0.980304	-0.197495
18	856	1330	0.965771	-0.259397
18	856	1329	0.944535	-0.328411
18	855	1328	0.926589	-0.376075
18	855	1327	0.895087	-0.445891
18	854	1326	0.873296	-0.487191
18	854	1325	0.837016	-0.547179
18	853	1324	0.810498	-0.585742
18	852	1323	0.779157	-0.626829
18	851	1322	0.744006	-0.668173
18	851	1321	0.696030	-0.718013
18	850	1320	0.659637	-0.751584
18	849	1320	0.599342	-0.800493
18	848	1319	0.550776	-0.834653
18	847	1318	0.501181	-0.865342
18	846	1318	0.410634	-0.911800
18	845	1317	0.338381	-0.941009
18	844	1317	0.214293	-0.976769
18	843	1317	0.080659	-0.996742
18	842	1317	-0.053639	-0.998560
18	841	1317	-0.174058	-0.984735
18	840	1317	-0.300956	-0.953638
18	839	1317	-0.418893	-0.908035
18	838	1318	-0.484230	-0.874941
18	837	1318	-0.584147	-0.811648
18	836	1319	-0.633346	-0.773869
18	835	1320	-0.683949	-0.729529
18	834	1321	-0.729529	-0.683949
18	833	1322	-0.770856	-0.637009
18	832	1323	-0.805936	-0.592002
18	832	1324	-0.861412	-0.507907
18	831	1325	-0.890102	-0.455761
18	831	1326	-0.931057	-0.364873
18	831	1327	-0.960165	-0.279434
18	831	1328	-0.979434	-0.201767
18	831	1329	-0.993029	-0.117873
18	831	1330	-0.999036	-0.043889
18	831	1331	-0.999510	0.031289
18	831	1332	-0.995807	0.091476
18	831	1333	-0.990708	0.136005
18	831	1334	-0.983926	0.178576
18	832	1335	-0.977924	0.208961
18	832	1336	-0.970706	0.240269
18	832	1337	-0.964108	0.265509
18	832	1338	-0.958461	0.285225
18	833	1339	-0.953092	0.302679
18	833	1340	-0.947635	0.319354
18	834	1341	-0.941275	0.337641
18	834	1342	-0.932832	0.360312
18	834	1343	-0.926602	0.376043
18	835	1344	-0.921162	0.389180
18	835	1345	-0.917949	0.396698
18	836	1346	-0.910633	0.413216
18	836	1347	-0.901626	0.432516
18	836	1348	-0.895374	0.445316
18	837	1349	-0.893211	0.449638
18	837	1350	-0.881540	0.472110
18	838	1351	-0.872790	0.488096
18	839	1352	-0.855471	0.517851
18	839	1353	-0.852328	0.523008
18	840	1354	-0.849078	0.528268
18	840	1355	-0.853523	0.521056
18	841	1356	-0.846399	0.532549
18	842	1357	-0.827202	0.561904
18	842	1358	-0.849776	0.527145
18	843	1359	-0.838747	0.544522
18	844	1360	-0.819802	0.572647
18	845	1360	-0.758864	0.651249
18	846	1360	-0.675971	0.736929
