18
1	957	1342	0.870033	0.492994
1	957	1341	0.830671	0.556764
1	957	1340	0.798417	0.602105
1	958	1339	0.817416	0.576048
1	959	1338	0.830056	0.557681
1	960	1337	0.835302	0.549792
1	960	1336	0.807148	0.590349
1	961	1335	0.817218	0.576329
1	962	1334	0.819628	0.572895
1	962	1333	0.810237	0.586102
1	963	1332	0.810687	0.585479
1	964	1331	0.801623	0.597830
1	964	1330	0.797451	0.603384
1	965	1329	0.799279	0.600960
1	966	1328	0.798006	0.602650
1	967	1327	0.793680	0.608335
1	968	1326	0.786398	0.617720
1	968	1325	0.786635	0.617419
1	969	1324	0.786039	0.618177
1	970	1323	0.782467	0.622691
1	971	1322	0.781280	0.624181
1	972	1321	0.777735	0.628592
1	972	1320	0.772616	0.634874
1	973	1319	0.771604	0.636103
1	974	1318	0.773923	0.633280
1	975	1317	0.773923	0.633280
1	976	1316	0.771604	0.636103
1	976	1315	0.766761	0.641933
1	977	1314	0.766916	0.641747
1	978	1313	0.765365	0.643597
1	979	1312	0.762136	0.647417
1	980	1311	0.762136	0.647417
1	981	1310	0.759895	0.650046
1	982	1309	0.760850	0.648928
1	982	1308	0.760850	0.648928
1	983	1307	0.759895	0.650046
1	984	1306	0.762136	0.647417
1	985	1305	0.762136	0.647417
1	986	1304	0.765365	0.643597
1	987	1303	0.766916	0.641747
1	988	1302	0.766761	0.641933
1	988	1301	0.771604	0.636103
1	989	1300	0.773923	0.633280
1	990	1299	0.773923	0.633280
1	991	1298	0.771604	0.636103
1	992	1297	0.777250	0.629192
1	992	1296	0.782337	0.622855
1	993	1295	0.785323	0.619086
1	994	1294	0.785922	0.618326
1	995	1293	0.784126	0.620601
1	996	1292	0.784713	0.619860
1	996	1291	0.784483	0.620151
1	997	1290	0.786881	0.617104
1	998	1289	0.786881	0.617104
1	999	1288	0.784483	0.620151
1	999	1287	0.775747	0.631044
1	1000	1286	0.767035	0.641606
1	1001	1285	0.761552	0.648104
1	1002	1284	0.750693	0.660651
1	1003	1283	0.734646	0.678451
1	1003	1282	0.710234	0.703966
1	1004	1281	0.685324	0.728238
1	1005	1280	0.657267	0.753657
1	1006	1279	0.622101	0.782937
1	1007	1278	0.581033	0.813880
1	1008	1278	0.500455	0.865762
1	1009	1277	0.461685	0.887044
1	1010	1276	0.454177	0.890912
1	1011	1276	0.320163	0.947363
1	1012	1276	0.145213	0.989400
1	1013	1276	-0.099748	0.995013
1	1014	1276	-0.551424	0.834225
1	1015	1277	-0.631044	0.775747
1	1016	1278	-0.700674	0.713482
1	1017	1279	-0.757546	0.652782
1	1017	1280	-0.849081	0.528263
1	1017	1281	-0.897593	0.440825
1	1017	1282	-0.930476	0.366352
1	1018	1283	-0.951122	0.308816
1	1018	1284	-0.969880	0.243585
1	1018	1285	-0.982331	0.187150
1	1018	1286	-0.990384	0.138346
1	1018	1287	-0.995296	0.096884
1	1018	1288	-0.997872	0.065198
1	1018	1289	-0.999020	0.044256
1	1018	1290	-0.999383	0.035137
1	1018	1291	-0.999931	0.011732
1	1018	1292	-0.999931	-0.011732
1	1018	1293	-0.999383	-0.035137
1	1018	1294	-0.999020	-0.044256
1	1018	1295	-0.998643	-0.052075
1	1018	1296	-0.997425	-0.071715
1	1018	1297	-0.996053	-0.088763
1	1018	1298	-0.994658	-0.103229
1	1018	1299	-0.991717	-0.128438
1	1018	1300	-0.988712	-0.149830
1	1017	1301	-0.986535	-0.163552
1	1017	1302	-0.982045	-0.188648
1	1017	1303	-0.977977	-0.208711
1	1017	1304	-0.974578	-0.224047
1	1017	1305	-0.968871	-0.247568
1	1016	1306	-0.965799	-0.259290
1	1016	1307	-0.963187	-0.268833
1	1016	1308	-0.958437	-0.285304
1	1015	1309	-0.956515	-0.291683
1	1015	1310	-0.952610	-0.304195
1	1015	1311	-0.950686	-0.310155
1	1014	1312	-0.948200	-0.317673
1	1014	1313	-0.943808	-0.330494
1	1014	1314	-0.941452	-0.337146
1	1013	1315	-0.942546	-0.334076
1	1013	1316	-0.942246	-0.334922
1	1013	1317	-0.940171	-0.340704
1	1012	1318	-0.937928	-0.346830
1	1012	1319	-0.938230	-0.346013
1	1011	1320	-0.933135	-0.359526
1	1011	1321	-0.931924	-0.362652
1	1011	1322	-0.933135	-0.359526
1	1010	1323	-0.929712	-0.368287
1	1010	1324	-0.929410	-0.369049
1	1010	1325	-0.927200	-0.374565
1	1009	1326	-0.926129	-0.377208
1	1009	1327	-0.922672	-0.385587
1	1008	1328	-0.923880	-0.382683
1	1008	1329	-0.919496	-0.393098
1	1007	1330	-0.918883	-0.394530
1	1007	1331	-0.913566	-0.406691
1	1007	1332	-0.910886	-0.412658
1	1006	1333	-0.909584	-0.415521
1	1006	1334	-0.906287	-0.422662
1	1005	1335	-0.903734	-0.428095
1	1005	1336	-0.904601	-0.426260
1	1004	1337	-0.901411	-0.432965
1	1004	1338	-0.901984	-0.431769
1	1003	1339	-0.898153	-0.439682
1	1003	1340	-0.893587	-0.448890
1	1002	1341	-0.889770	-0.456409
1	1002	1342	-0.885194	-0.465223
1	1001	1343	-0.886514	-0.462702
1	1001	1344	-0.887056	-0.461661
1	1000	1345	-0.888374	-0.459121
1	1000	1346	-0.888921	-0.458061
1	999	1347	-0.890235	-0.455501
1	999	1348	-0.890787	-0.454422
1	998	1349	-0.892098	-0.451842
1	997	1350	-0.891324	-0.453367
1	997	1351	-0.893961	-0.448144
1	996	1352	-0.888698	-0.458492
1	996	1353	-0.886785	-0.462183
1	996	1354	-0.886889	-0.461982
1	995	1355	-0.886624	-0.462492
1	995	1356	-0.893462	-0.449138
1	994	1357	-0.888236	-0.459388
1	994	1358	-0.902820	-0.430018
1	993	1359	-0.892174	-0.451692
1	993	1360	-0.913244	-0.407413
1	992	1361	-0.887976	-0.459890
1	991	1362	-0.861823	-0.507209
1	990	1363	-0.828440	-0.560078
2	957	1342	-0.473598	0.880741
2	958	1343	-0.403277	0.915078
2	959	1344	-0.322808	0.946465
2	960	1345	-0.264373	0.964421
2	961	1345	-0.304442	0.952531
2	962	1345	-0.347560	0.937658
2	963	1345	-0.388552	0.921427
2	964	1346	-0.365193	0.930932
2	965	1346	-0.391648	0.920115
2	966	1346	-0.400449	0.916319
2	967	1347	-0.399823	0.916592
2	968	1347	-0.396372	0.918090
2	969	1347	-0.407971	0.912995
2	970	1348	-0.419509	0.907751
2	971	1348	-0.451380	0.892332
2	972	1349	-0.462259	0.886745
2	973	1350	-0.477273	0.878755
2	974	1350	-0.494031	0.869445
2	975	1351	-0.513987	0.857798
2	976	1351	-0.536745	0.843744
2	977	1352	-0.555177	0.831732
2	978	1352	-0.586247	0.810132
2	979	1353	-0.603583	0.797300
2	980	1354	-0.618306	0.785938
2	981	1355	-0.628965	0.777434
2	982	1355	-0.631479	0.775393
2	983	1356	-0.630633	0.776081
2	984	1357	-0.637621	0.770351
2	985	1358	-0.643662	0.765310
2	986	1359	-0.656238	0.754554
2	986	1360	-0.707673	0.706540
2	987	1361	-0.723886	0.689920
2	988	1362	-0.730464	0.682951
2	989	1363	-0.736321	0.676632
2	990	1363	-0.686145	0.727465
3	957	1342	-0.658251	-0.752799
3	956	1343	-0.630891	-0.775872
3	955	1344	-0.638636	-0.769509
3	954	1345	-0.694373	-0.719615
3	953	1345	-0.560629	-0.828067
4	953	1345	0.248045	-0.968748
4	952	1344	0.093972	-0.995575
4	951	1344	0.077819	-0.996968
4	950	1343	-0.063873	-0.997958
4	949	1343	-0.066389	-0.997794
4	948	1343	-0.065005	-0.997885
4	947	1343	-0.060147	-0.998190
4	946	1343	-0.052618	-0.998615
4	945	1343	-0.043431	-0.999056
4	944	1343	-0.033582	-0.999436
4	943	1344	-0.036719	-0.999326
4	942	1344	-0.070430	-0.997517
4	941	1344	-0.089690	-0.995970
4	940	1344	-0.107451	-0.994210
4	939	1344	-0.109948	-0.993937
4	938	1344	-0.109948	-0.993937
4	937	1344	-0.120328	-0.992734
4	936	1344	-0.126977	-0.991906
4	935	1344	-0.129933	-0.991523
4	934	1344	-0.129189	-0.991620
4	933	1345	-0.122956	-0.992412
4	932	1345	-0.127887	-0.991789
4	931	1345	-0.143037	-0.989717
4	930	1345	-0.154425	-0.988005
4	929	1345	-0.162164	-0.986764
4	928	1345	-0.166331	-0.986070
4	927	1346	-0.178716	-0.983901
4	926	1346	-0.185665	-0.982613
4	925	1346	-0.187962	-0.982176
4	924	1346	-0.185665	-0.982613
4	923	1346	-0.178716	-0.983901
4	922	1346	-0.193255	-0.981149
4	921	1347	-0.200503	-0.979693
4	920	1347	-0.203873	-0.978997
4	919	1347	-0.202752	-0.979230
4	918	1347	-0.197110	-0.980381
4	917	1348	-0.198722	-0.980056
4	916	1348	-0.206600	-0.978426
4	915	1348	-0.209938	-0.977715
4	914	1348	-0.208828	-0.977952
4	913	1348	-0.203239	-0.979129
4	912	1349	-0.204852	-0.978793
4	911	1349	-0.199135	-0.979972
4	910	1349	-0.201387	-0.979512
4	909	1349	-0.199135	-0.979972
4	908	1349	-0.204852	-0.978793
4	907	1350	-0.203239	-0.979129
4	906	1350	-0.208828	-0.977952
4	905	1350	-0.209938	-0.977715
4	904	1350	-0.218927	-0.975741
4	903	1350	-0.222423	-0.974950
4	902	1351	-0.217572	-0.976044
4	901	1351	-0.220853	-0.975307
4	900	1351	-0.219762	-0.975554
4	899	1351	-0.226515	-0.974008
4	898	1352	-0.226515	-0.974008
4	897	1352	-0.219762	-0.975554
4	896	1352	-0.220853	-0.975307
4	895	1352	-0.217572	-0.976044
4	894	1353	-0.222423	-0.974950
4	893	1353	-0.218927	-0.975741
4	892	1353	-0.209938	-0.977715
4	891	1353	-0.208828	-0.977952
4	890	1353	-0.215628	-0.976476
4	889	1354	-0.215628	-0.976476
4	888	1354	-0.208828	-0.977952
4	887	1354	-0.209938	-0.977715
4	886	1354	-0.218927	-0.975741
4	885	1354	-0.222423	-0.974950
4	884	1355	-0.217572	-0.976044
4	883	1355	-0.220853	-0.975307
4	882	1355	-0.231898	-0.972740
4	881	1355	-0.237533	-0.971379
4	880	1356	-0.235918	-0.971773
4	879	1356	-0.228141	-0.973628
4	878	1356	-0.240154	-0.970735
4	877	1356	-0.246803	-0.969066
4	876	1357	-0.246803	-0.969066
4	875	1357	-0.251988	-0.967730
4	874	1357	-0.250956	-0.967998
4	873	1357	-0.256522	-0.966539
4	872	1358	-0.266533	-0.963826
4	871	1358	-0.269526	-0.962993
4	870	1358	-0.266533	-0.963826
4	869	1358	-0.282078	-0.959392
4	868	1359	-0.286928	-0.957952
4	867	1359	-0.286928	-0.957952
4	866	1359	-0.292960	-0.956125
4	865	1360	-0.300778	-0.953694
4	864	1360	-0.314000	-0.949423
4	863	1360	-0.320787	-0.947151
4	862	1361	-0.328778	-0.944407
4	861	1361	-0.340495	-0.940246
4	860	1361	-0.346243	-0.938145
4	859	1362	-0.352279	-0.935895
4	858	1362	-0.351475	-0.936197
4	857	1362	-0.366653	-0.930358
4	856	1363	-0.378669	-0.925532
4	855	1363	-0.385596	-0.922668
4	854	1364	-0.401187	-0.915996
4	853	1364	-0.409862	-0.912148
4	852	1365	-0.418281	-0.908318
4	851	1365	-0.427858	-0.903846
4	850	1365	-0.441897	-0.897066
4	849	1366	-0.448890	-0.893587
4	848	1366	-0.462337	-0.886704
4	847	1367	-0.468745	-0.883333
4	846	1368	-0.477754	-0.878493
4	845	1368	-0.486062	-0.873924
4	844	1369	-0.492257	-0.870450
4	843	1369	-0.508265	-0.861201
4	842	1370	-0.519195	-0.854656
4	841	1370	-0.532516	-0.846420
4	840	1371	-0.538354	-0.842719
4	839	1372	-0.544094	-0.839024
4	838	1372	-0.558336	-0.829615
4	837	1373	-0.556887	-0.830588
4	836	1374	-0.562203	-0.826999
4	835	1374	-0.575566	-0.817755
4	834	1375	-0.574125	-0.818768
4	833	1376	-0.579040	-0.815299
4	832	1377	-0.582610	-0.812752
4	831	1377	-0.589717	-0.807610
4	830	1378	-0.592377	-0.805661
4	829	1379	-0.592377	-0.805661
4	828	1380	-0.597446	-0.801909
4	827	1380	-0.597638	-0.801766
4	826	1381	-0.601010	-0.799241
4	825	1382	-0.601831	-0.798623
4	824	1382	-0.601096	-0.799177
4	823	1383	-0.600320	-0.799760
4	822	1384	-0.603645	-0.797253
4	821	1385	-0.610880	-0.791723
4	820	1386	-0.614792	-0.788689
4	819	1386	-0.621375	-0.783514
4	818	1387	-0.622106	-0.782933
4	817	1388	-0.626529	-0.779398
4	816	1389	-0.627992	-0.778220
4	815	1389	-0.633811	-0.773488
4	814	1390	-0.638490	-0.769630
4	813	1391	-0.633575	-0.773681
4	812	1392	-0.631435	-0.775429
4	811	1393	-0.632151	-0.774846
4	810	1394	-0.635695	-0.771940
4	809	1395	-0.641933	-0.766761
4	808	1395	-0.642140	-0.766588
4	807	1396	-0.638709	-0.769449
4	806	1397	-0.638016	-0.770023
4	805	1398	-0.640088	-0.768302
4	804	1399	-0.638198	-0.769873
4	803	1399	-0.638087	-0.769964
4	802	1400	-0.638599	-0.769539
4	801	1401	-0.641168	-0.767400
4	800	1402	-0.645709	-0.763584
4	799	1403	-0.652080	-0.758150
4	798	1404	-0.660093	-0.751184
4	797	1404	-0.665660	-0.746255
4	796	1405	-0.669353	-0.742945
4	795	1406	-0.674100	-0.738640
4	794	1407	-0.679805	-0.733393
4	793	1408	-0.686355	-0.727267
4	792	1409	-0.688730	-0.725018
4	791	1410	-0.691579	-0.722301
4	790	1411	-0.694874	-0.719131
4	789	1412	-0.698584	-0.715528
4	788	1413	-0.702674	-0.711512
4	787	1414	-0.707107	-0.707107
4	786	1415	-0.707107	-0.707107
4	785	1416	-0.707107	-0.707107
4	784	1417	-0.711512	-0.702674
4	783	1418	-0.715528	-0.698584
4	782	1419	-0.719131	-0.694874
4	781	1420	-0.722301	-0.691579
4	780	1421	-0.725018	-0.688730
4	779	1422	-0.727267	-0.686355
4	778	1423	-0.729034	-0.684477
4	777	1424	-0.730309	-0.683117
4	776	1425	-0.731085	-0.682287
4	775	1426	-0.731355	-0.681997
4	775	1427	-0.736240	-0.676721
4	774	1428	-0.740403	-0.672163
4	773	1429	-0.743563	-0.668666
4	772	1430	-0.745687	-0.666296
4	771	1431	-0.746755	-0.665100
4	770	1432	-0.746755	-0.665100
4	769	1433	-0.745687	-0.666296
4	768	1434	-0.743563	-0.668666
4	767	1435	-0.744968	-0.667100
4	766	1436	-0.744781	-0.667309
4	766	1437	-0.744676	-0.667427
4	765	1438	-0.747883	-0.663831
4	764	1439	-0.750038	-0.661394
4	763	1440	-0.755867	-0.654725
4	762	1441	-0.760137	-0.649763
4	761	1442	-0.762778	-0.646660
4	760	1443	-0.763747	-0.645516
4	759	1444	-0.763020	-0.646375
4	759	1445	-0.767730	-0.640774
4	758	1446	-0.769449	-0.638709
4	757	1447	-0.768875	-0.639399
4	756	1448	-0.771604	-0.636103
4	755	1449	-0.777250	-0.629192
4	755	1450	-0.782337	-0.622855
4	754	1451	-0.785323	-0.619086
4	753	1452	-0.785922	-0.618326
4	752	1453	-0.784126	-0.620601
4	751	1454	-0.784713	-0.619860
4	751	1455	-0.784483	-0.620151
4	750	1456	-0.786881	-0.617104
4	749	1457	-0.786881	-0.617104
4	748	1458	-0.789295	-0.614015
4	748	1459	-0.789417	-0.613857
4	747	1460	-0.788205	-0.615412
4	746	1461	-0.789413	-0.613862
4	745	1462	-0.793069	-0.609132
4	744	1463	-0.793698	-0.608311
4	744	1464	-0.793439	-0.608650
4	743	1465	-0.790383	-0.612613
4	742	1466	-0.794663	-0.607051
4	741	1467	-0.795915	-0.605408
4	741	1468	-0.795782	-0.605584
4	740	1469	-0.793310	-0.608818
4	739	1470	-0.798246	-0.602332
4	738	1471	-0.800140	-0.599813
4	738	1472	-0.800140	-0.599813
4	737	1473	-0.798246	-0.602332
4	736	1474	-0.793310	-0.608818
4	735	1475	-0.790874	-0.611980
4	735	1476	-0.791125	-0.611655
4	734	1477	-0.790507	-0.612452
4	733	1478	-0.786881	-0.617104
4	732	1479	-0.785681	-0.618632
4	732	1480	-0.780881	-0.624680
4	731	1481	-0.776905	-0.629618
4	730	1482	-0.770691	-0.637209
4	729	1483	-0.772424	-0.635107
4	728	1484	-0.771846	-0.635810
4	727	1485	-0.768965	-0.639291
4	727	1486	-0.764071	-0.645132
4	726	1487	-0.763665	-0.645612
4	725	1488	-0.761575	-0.648077
4	724	1489	-0.757837	-0.652444
4	723	1490	-0.757283	-0.653087
4	722	1491	-0.759895	-0.650046
4	721	1492	-0.760850	-0.648928
4	721	1493	-0.760850	-0.648928
4	720	1494	-0.759895	-0.650046
4	719	1495	-0.757283	-0.653087
4	718	1496	-0.753058	-0.657954
4	717	1497	-0.752512	-0.658578
4	716	1498	-0.750881	-0.660437
4	715	1499	-0.748180	-0.663495
4	715	1500	-0.743235	-0.669030
4	714	1501	-0.739446	-0.673215
4	713	1502	-0.734694	-0.678399
4	712	1503	-0.729034	-0.684477
4	711	1504	-0.727267	-0.686355
4	710	1505	-0.725018	-0.688730
4	709	1506	-0.722301	-0.691579
4	708	1507	-0.719131	-0.694874
4	707	1508	-0.711151	-0.703040
4	706	1509	-0.703040	-0.711151
4	705	1510	-0.694874	-0.719131
4	704	1511	-0.691579	-0.722301
4	703	1512	-0.688730	-0.725018
4	702	1513	-0.681743	-0.731592
4	701	1514	-0.675547	-0.737317
4	700	1515	-0.670261	-0.742125
4	699	1516	-0.661253	-0.750163
4	698	1517	-0.653629	-0.756815
4	697	1517	-0.642140	-0.766588
4	696	1518	-0.636103	-0.771604
4	695	1519	-0.626264	-0.779611
4	694	1520	-0.618951	-0.785430
4	693	1521	-0.614476	-0.788936
4	692	1521	-0.601831	-0.798623
4	691	1522	-0.595120	-0.803637
4	690	1523	-0.592499	-0.805571
4	689	1523	-0.585479	-0.810687
4	688	1524	-0.581948	-0.813226
4	687	1525	-0.583719	-0.811956
4	686	1526	-0.576048	-0.817416
4	685	1526	-0.569256	-0.822160
4	684	1527	-0.561246	-0.827649
4	683	1528	-0.559801	-0.828627
4	682	1528	-0.560629	-0.828067
4	681	1529	-0.552324	-0.833629
4	680	1530	-0.550790	-0.834644
4	679	1530	-0.544094	-0.839024
4	678	1531	-0.536277	-0.844042
4	677	1532	-0.535630	-0.844453
4	676	1532	-0.528936	-0.848662
4	675	1533	-0.531059	-0.847335
4	674	1533	-0.522482	-0.852650
4	673	1534	-0.519209	-0.854647
4	672	1535	-0.516958	-0.856011
4	671	1535	-0.509505	-0.860468
4	670	1536	-0.502554	-0.864546
4	669	1536	-0.502554	-0.864546
4	668	1537	-0.500251	-0.865880
4	667	1538	-0.498919	-0.866648
4	666	1538	-0.501038	-0.865425
4	665	1539	-0.496218	-0.868198
4	664	1539	-0.497081	-0.867704
4	663	1540	-0.488624	-0.872494
4	662	1540	-0.488172	-0.872748
4	661	1541	-0.485782	-0.874080
4	660	1541	-0.484398	-0.874848
4	659	1542	-0.479558	-0.877510
4	658	1543	-0.476790	-0.879017
4	657	1543	-0.469749	-0.882800
4	656	1544	-0.466342	-0.884605
4	655	1544	-0.459121	-0.888374
4	654	1545	-0.455543	-0.890214
4	653	1545	-0.448144	-0.893961
4	652	1546	-0.444393	-0.895832
4	651	1546	-0.427485	-0.904022
4	650	1547	-0.415821	-0.909446
4	649	1547	-0.399087	-0.916913
4	648	1548	-0.389241	-0.921136
4	647	1548	-0.375340	-0.926887
4	646	1548	-0.354938	-0.934890
4	645	1549	-0.340425	-0.940272
4	644	1549	-0.313203	-0.949686
4	643	1550	-0.308316	-0.951284
4	642	1550	-0.286254	-0.958154
4	641	1550	-0.270738	-0.962653
4	640	1550	-0.248885	-0.968533
4	639	1551	-0.236822	-0.971553
4	638	1551	-0.213069	-0.977037
4	637	1551	-0.197586	-0.980285
4	636	1551	-0.177332	-0.984151
4	635	1551	-0.152028	-0.988376
4	634	1551	-0.135739	-0.990745
4	633	1552	-0.129189	-0.991620
4	632	1552	-0.129933	-0.991523
4	631	1552	-0.126977	-0.991906
4	630	1552	-0.120328	-0.992734
4	629	1552	-0.109948	-0.993937
4	628	1552	-0.109948	-0.993937
4	627	1552	-0.107451	-0.994210
4	626	1552	-0.102439	-0.994739
4	625	1552	-0.094876	-0.995489
4	624	1552	-0.084714	-0.996405
4	623	1553	-0.071807	-0.997419
4	622	1553	-0.070430	-0.997517
4	621	1553	-0.067770	-0.997701
4	620	1553	-0.063827	-0.997961
4	619	1553	-0.058597	-0.998282
4	618	1553	-0.052075	-0.998643
4	617	1553	-0.044256	-0.999020
4	616	1553	-0.035137	-0.999383
4	615	1553	-0.024717	-0.999694
4	614	1553	-0.013001	-0.999915
4	613	1553	-0.000000	-1.000000
4	612	1553	-0.000000	-1.000000
4	611	1553	-0.000000	-1.000000
4	610	1553	-0.000000	-1.000000
4	609	1553	-0.013001	-0.999915
4	608	1553	-0.024717	-0.999694
4	607	1553	-0.035137	-0.999383
4	606	1553	-0.044256	-0.999020
4	605	1553	-0.052075	-0.998643
4	604	1553	-0.058597	-0.998282
4	603	1553	-0.063827	-0.997961
4	602	1553	-0.067770	-0.997701
4	601	1553	-0.070430	-0.997517
4	600	1553	-0.071807	-0.997419
4	599	1554	-0.071807	-0.997419
4	598	1554	-0.070430	-0.997517
4	597	1554	-0.067770	-0.997701
4	596	1554	-0.063827	-0.997961
4	595	1554	-0.058597	-0.998282
4	594	1554	-0.052075	-0.998643
4	593	1554	-0.044256	-0.999020
4	592	1554	-0.022177	-0.999754
4	591	1554	-0.000000	-1.000000
4	590	1554	0.022177	-0.999754
4	589	1554	0.044256	-0.999020
4	588	1554	0.052075	-0.998643
4	587	1554	0.058597	-0.998282
4	586	1554	0.063827	-0.997961
4	585	1554	0.067770	-0.997701
4	584	1554	0.070430	-0.997517
4	583	1554	0.071807	-0.997419
4	582	1553	0.084714	-0.996405
4	581	1553	0.094876	-0.995489
4	580	1553	0.102439	-0.994739
4	579	1553	0.107451	-0.994210
4	578	1553	0.109948	-0.993937
4	577	1553	0.122801	-0.992431
4	576	1553	0.131897	-0.991263
4	575	1553	0.137305	-0.990529
4	574	1553	0.139051	-0.990285
4	573	1553	0.150293	-0.988642
4	572	1552	0.153418	-0.988161
4	571	1552	0.179880	-0.983689
4	570	1552	0.201227	-0.979545
4	569	1552	0.230567	-0.973057
4	568	1552	0.253990	-0.967207
4	567	1551	0.277588	-0.960700
4	566	1551	0.309909	-0.950766
4	565	1551	0.334821	-0.942282
4	564	1551	0.365432	-0.930838
4	563	1550	0.373784	-0.927516
4	562	1550	0.396256	-0.918140
4	561	1549	0.419509	-0.907751
4	560	1549	0.441868	-0.897080
4	559	1548	0.456993	-0.889470
4	558	1548	0.480046	-0.877243
4	557	1547	0.494101	-0.869404
4	556	1546	0.508705	-0.860941
4	555	1546	0.524288	-0.851541
4	554	1545	0.535589	-0.844479
4	553	1545	0.549635	-0.835405
4	552	1544	0.562003	-0.827135
4	551	1543	0.572961	-0.819582
4	550	1543	0.592912	-0.805267
4	549	1542	0.602379	-0.798210
4	548	1541	0.615257	-0.788327
4	547	1540	0.624953	-0.780663
4	546	1540	0.642562	-0.766234
4	545	1539	0.658591	-0.752501
4	544	1538	0.671005	-0.741453
4	543	1537	0.684255	-0.729242
4	542	1536	0.693303	-0.720646
4	541	1535	0.707107	-0.707107
4	540	1534	0.720646	-0.693303
4	539	1533	0.729242	-0.684255
4	538	1532	0.737187	-0.675689
4	537	1531	0.748684	-0.662927
4	536	1530	0.758890	-0.651218
4	536	1529	0.768633	-0.639690
4	535	1528	0.777735	-0.628592
4	534	1527	0.784713	-0.619860
4	533	1526	0.793848	-0.608117
4	533	1525	0.803783	-0.594923
4	532	1524	0.809503	-0.587116
4	531	1523	0.816841	-0.576862
4	530	1522	0.820451	-0.571717
4	530	1521	0.829557	-0.558422
4	529	1520	0.832513	-0.554005
4	528	1519	0.835405	-0.549635
4	528	1518	0.844479	-0.535589
4	527	1517	0.851541	-0.524288
4	527	1516	0.856218	-0.516615
4	526	1515	0.860941	-0.508705
4	525	1514	0.865552	-0.500819
4	525	1513	0.874080	-0.485782
4	524	1512	0.875568	-0.483095
4	524	1511	0.879359	-0.476160
4	523	1510	0.886667	-0.462408
4	523	1509	0.890701	-0.454590
4	522	1508	0.893211	-0.449638
4	522	1507	0.897222	-0.441580
4	521	1506	0.899758	-0.436389
4	521	1505	0.903734	-0.428095
4	520	1504	0.906287	-0.422662
4	520	1503	0.905126	-0.425144
4	519	1502	0.907045	-0.421035
4	519	1501	0.910045	-0.414508
4	519	1500	0.911222	-0.411915
4	518	1499	0.913106	-0.407723
4	518	1498	0.918127	-0.396287
4	517	1497	0.922218	-0.386671
4	517	1496	0.925981	-0.377569
4	516	1495	0.927651	-0.373449
4	516	1494	0.934150	-0.356882
4	515	1493	0.932945	-0.360019
4	515	1492	0.937842	-0.347063
4	515	1491	0.940548	-0.339661
4	514	1490	0.944236	-0.329271
4	514	1489	0.952590	-0.304257
4	514	1488	0.955061	-0.296408
4	514	1487	0.959473	-0.281799
4	513	1486	0.962287	-0.272038
4	513	1485	0.967386	-0.253305
4	513	1484	0.970404	-0.241485
4	512	1483	0.974141	-0.225941
4	512	1482	0.976850	-0.213926
4	512	1481	0.980334	-0.197348
4	512	1480	0.984399	-0.175949
4	512	1479	0.986535	-0.163552
4	511	1478	0.988712	-0.149830
4	511	1477	0.991717	-0.128438
4	511	1476	0.994658	-0.103229
4	511	1475	0.996053	-0.088763
4	511	1474	0.997425	-0.071715
4	511	1473	0.998643	-0.052075
4	511	1472	0.999020	-0.044256
4	511	1471	0.999383	-0.035137
4	511	1470	0.999694	-0.024717
4	511	1469	0.999915	-0.013001
4	511	1468	1.000000	0.000000
4	511	1467	1.000000	0.000000
4	511	1466	1.000000	0.000000
4	511	1465	0.999915	0.013001
4	511	1464	0.999694	0.024717
4	511	1463	0.999383	0.035137
4	511	1462	0.999020	0.044256
4	511	1461	0.998643	0.052075
4	511	1460	0.997425	0.071715
4	511	1459	0.996053	0.088763
4	511	1458	0.994658	0.103229
4	511	1457	0.993349	0.115141
4	511	1456	0.992216	0.124531
4	512	1455	0.989866	0.142003
4	512	1454	0.987597	0.157008
4	512	1453	0.985739	0.168280
4	512	1452	0.982045	0.188648
4	512	1451	0.978925	0.204218
4	513	1450	0.977072	0.212909
4	513	1449	0.976102	0.217315
4	513	1448	0.973312	0.229484
4	513	1447	0.971706	0.236193
4	513	1446	0.968209	0.250144
4	514	1445	0.967655	0.252276
4	514	1444	0.964818	0.262919
4	514	1443	0.959861	0.280477
4	515	1442	0.957476	0.288514
4	515	1441	0.956900	0.290417
4	515	1440	0.954469	0.298311
4	515	1439	0.950250	0.311487
4	516	1438	0.946072	0.323956
4	516	1437	0.939008	0.343894
4	517	1436	0.935629	0.352984
4	517	1435	0.931064	0.364856
4	517	1434	0.920060	0.391778
4	518	1433	0.915213	0.402971
4	518	1432	0.907405	0.420257
4	518	1431	0.892514	0.451020
4	519	1430	0.888229	0.459400
4	519	1429	0.877268	0.480000
4	520	1428	0.872730	0.488204
4	521	1427	0.862326	0.506354
4	521	1426	0.854255	0.519855
4	522	1425	0.846222	0.532830
4	523	1424	0.837277	0.546779
4	523	1423	0.827693	0.561181
4	524	1422	0.822983	0.568066
4	525	1421	0.818191	0.574946
4	525	1420	0.813638	0.581372
4	526	1419	0.808872	0.587985
4	527	1418	0.810768	0.585368
4	528	1417	0.808872	0.587985
4	528	1416	0.803929	0.594725
4	529	1415	0.802628	0.596479
4	530	1414	0.803252	0.595640
4	531	1413	0.800140	0.599813
4	531	1412	0.800140	0.599813
4	532	1411	0.798246	0.602332
4	533	1410	0.798246	0.602332
4	534	1409	0.800140	0.599813
4	534	1408	0.800140	0.599813
4	535	1407	0.798246	0.602332
4	536	1406	0.798246	0.602332
4	537	1405	0.800140	0.599813
4	537	1404	0.800140	0.599813
4	538	1403	0.798246	0.602332
4	539	1402	0.793310	0.608818
4	540	1401	0.790874	0.611980
4	540	1400	0.785789	0.618494
4	541	1399	0.780554	0.625088
4	542	1398	0.773100	0.634284
4	543	1397	0.768633	0.639690
4	543	1396	0.758890	0.651218
4	544	1395	0.752724	0.658336
4	545	1394	0.745128	0.666921
4	546	1393	0.740782	0.671746
4	547	1392	0.740449	0.672112
4	548	1391	0.738553	0.674196
4	549	1390	0.735131	0.677925
4	550	1389	0.735131	0.677925
4	551	1388	0.738553	0.674196
4	552	1387	0.740449	0.672112
4	553	1386	0.740782	0.671746
4	554	1385	0.749315	0.662213
4	555	1384	0.756500	0.653994
4	556	1383	0.766234	0.642562
4	556	1382	0.780663	0.624953
4	557	1381	0.792730	0.609572
4	558	1380	0.802148	0.597126
4	559	1379	0.812941	0.582346
4	559	1378	0.827135	0.562003
4	560	1377	0.838058	0.545580
4	561	1376	0.848846	0.528640
4	561	1375	0.866224	0.499656
4	562	1374	0.874018	0.485893
4	562	1373	0.886277	0.463155
4	563	1372	0.893857	0.448351
4	563	1371	0.910083	0.414426
4	564	1370	0.921100	0.389325
4	564	1369	0.934415	0.356185
4	565	1368	0.937840	0.347067
4	565	1367	0.948872	0.315662
4	565	1366	0.956995	0.290103
4	565	1365	0.962653	0.270738
4	566	1364	0.968648	0.248437
4	566	1363	0.974141	0.225941
4	566	1362	0.980285	0.197586
4	566	1361	0.984151	0.177332
4	566	1360	0.988376	0.152028
4	566	1359	0.988925	0.148418
4	567	1358	0.990087	0.140453
4	567	1357	0.990162	0.139923
4	567	1356	0.990745	0.135739
4	567	1355	0.991789	0.127887
4	567	1354	0.993213	0.116310
4	567	1353	0.993357	0.115069
4	567	1352	0.993783	0.111336
4	567	1351	0.994464	0.105082
4	567	1350	0.995356	0.096263
4	568	1349	0.996387	0.084933
4	568	1348	0.997517	0.070430
4	568	1347	0.997701	0.067770
4	568	1346	0.998700	0.050981
4	568	1345	0.999420	0.034061
4	568	1344	0.999855	0.017053
4	568	1343	1.000000	0.000000
4	568	1342	0.999855	-0.017053
4	568	1341	0.998882	-0.047272
4	568	1340	0.997104	-0.076052
4	568	1339	0.994658	-0.103229
4	568	1338	0.993349	-0.115141
4	568	1337	0.992216	-0.124531
4	567	1336	0.989866	-0.142003
4	567	1335	0.987597	-0.157008
4	567	1334	0.985739	-0.168280
4	567	1333	0.984399	-0.175949
4	567	1332	0.981241	-0.192786
4	566	1331	0.979129	-0.203239
4	566	1330	0.977952	-0.208828
4	566	1329	0.977715	-0.209938
4	566	1328	0.975741	-0.218927
4	566	1327	0.974950	-0.222423
4	565	1326	0.976044	-0.217572
4	565	1325	0.972485	-0.232967
4	565	1324	0.970072	-0.242816
4	565	1323	0.968920	-0.247373
4	564	1322	0.969739	-0.244145
4	564	1321	0.968945	-0.247277
4	564	1320	0.966422	-0.256960
4	564	1319	0.965207	-0.261488
4	563	1318	0.962908	-0.269828
4	563	1317	0.962351	-0.271811
4	563	1316	0.963465	-0.267835
4	562	1315	0.963018	-0.269438
4	562	1314	0.961337	-0.275376
4	562	1313	0.961337	-0.275376
4	562	1312	0.963018	-0.269438
4	561	1311	0.960223	-0.279233
4	561	1310	0.959372	-0.282144
4	561	1309	0.960223	-0.279233
4	560	1308	0.959758	-0.280828
4	560	1307	0.958332	-0.285656
4	560	1306	0.958618	-0.284696
4	560	1305	0.957092	-0.289784
4	559	1304	0.955161	-0.296087
4	559	1303	0.954871	-0.297021
4	559	1302	0.952695	-0.303929
4	558	1301	0.953694	-0.300778
4	558	1300	0.953110	-0.302625
4	558	1299	0.950606	-0.310399
4	557	1298	0.951117	-0.308832
4	557	1297	0.950232	-0.311543
4	557	1296	0.951117	-0.308832
4	556	1295	0.950606	-0.310399
4	556	1294	0.953110	-0.302625
4	556	1293	0.953694	-0.300778
4	555	1292	0.952695	-0.303929
4	555	1291	0.954871	-0.297021
4	555	1290	0.951518	-0.307593
4	554	1289	0.950498	-0.310731
4	554	1288	0.952714	-0.303869
4	554	1287	0.949313	-0.314332
4	554	1286	0.947935	-0.318464
4	553	1285	0.950527	-0.310642
4	553	1284	0.947081	-0.320994
4	553	1283	0.945673	-0.325120
4	552	1282	0.948312	-0.317338
4	552	1281	0.944825	-0.327575
4	551	1280	0.943749	-0.330664
4	551	1279	0.942246	-0.334922
4	551	1278	0.938962	-0.344021
4	550	1277	0.938403	-0.345542
4	550	1276	0.937195	-0.348806
4	550	1275	0.938403	-0.345542
4	549	1274	0.938962	-0.344021
4	549	1273	0.938359	-0.345663
4	549	1272	0.940171	-0.340704
4	548	1271	0.941823	-0.336110
4	548	1270	0.941823	-0.336110
4	547	1269	0.940171	-0.340704
4	547	1268	0.942246	-0.334922
4	547	1267	0.942546	-0.334076
4	546	1266	0.941452	-0.337146
4	546	1265	0.939945	-0.341325
4	546	1264	0.940849	-0.338826
4	545	1263	0.940849	-0.338826
4	545	1262	0.939945	-0.341325
4	545	1261	0.941452	-0.337146
4	544	1260	0.938660	-0.344844
4	544	1259	0.938660	-0.344844
4	544	1258	0.932583	-0.360955
4	543	1257	0.931483	-0.363784
4	543	1256	0.932391	-0.361451
4	542	1255	0.928376	-0.371643
4	542	1254	0.927772	-0.373148
4	542	1253	0.929588	-0.368601
4	541	1252	0.931344	-0.364140
4	541	1251	0.931344	-0.364140
4	540	1250	0.934182	-0.356798
4	540	1249	0.936631	-0.350317
4	539	1248	0.939761	-0.341831
4	539	1247	0.944470	-0.328599
4	539	1246	0.947081	-0.320994
4	538	1245	0.950738	-0.309995
4	538	1244	0.951198	-0.308582
4	538	1243	0.953694	-0.300778
4	538	1242	0.954570	-0.297988
4	537	1241	0.954570	-0.297988
4	537	1240	0.953694	-0.300778
4	537	1239	0.947222	-0.320579
4	537	1238	0.938414	-0.345512
4	536	1237	0.932140	-0.362099
4	536	1236	0.926164	-0.377120
4	536	1235	0.922484	-0.386036
4	535	1234	0.922515	-0.385962
4	535	1233	0.921431	-0.388541
4	534	1232	0.929462	-0.368917
4	534	1231	0.939457	-0.342666
4	533	1230	0.946300	-0.323289
4	532	1229	0.949307	-0.314349
4	531	1228	0.943426	-0.331583
4	531	1227	0.955729	-0.294247
4	531	1226	0.951125	-0.308807
4	531	1225	0.919856	-0.392256
4	531	1224	0.820005	-0.572356
4	531	1223	0.707107	-0.707107
4	532	1222	-0.791164	0.611604
4	533	1222	-0.754648	0.656129
4	534	1222	-0.691654	0.722229
4	535	1222	-0.666739	0.745291
4	536	1222	-0.696148	0.717898
4	537	1222	-0.748659	0.662956
4	538	1223	-0.700766	0.713391
4	539	1224	-0.696894	0.717174
4	540	1225	-0.718708	0.695312
4	540	1226	-0.768794	0.639496
4	541	1227	-0.795758	0.605615
4	541	1228	-0.828552	0.559912
4	542	1229	-0.845646	0.533744
4	542	1230	-0.865733	0.500505
4	542	1231	-0.875806	0.482664
4	543	1232	-0.881476	0.472229
4	543	1233	-0.883346	0.468722
4	544	1234	-0.883798	0.467868
4	544	1235	-0.881340	0.472483
4	545	1236	-0.878030	0.478605
4	546	1237	-0.878030	0.478605
4	546	1238	-0.873208	0.487348
4	547	1239	-0.873875	0.486152
4	547	1240	-0.869324	0.494242
4	548	1241	-0.870658	0.491889
4	549	1242	-0.870787	0.491661
4	549	1243	-0.874080	0.485782
4	550	1244	-0.875568	0.483095
4	550	1245	-0.879359	0.476160
4	551	1246	-0.882206	0.470864
4	551	1247	-0.886514	0.462702
4	552	1248	-0.889662	0.456620
4	552	1249	-0.893961	0.448144
4	553	1250	-0.897137	0.441752
4	553	1251	-0.901411	0.432965
4	554	1252	-0.904601	0.426260
4	554	1253	-0.903734	0.428095
4	555	1254	-0.906287	0.422662
4	555	1255	-0.905126	0.425144
4	556	1256	-0.907045	0.421035
4	556	1257	-0.905589	0.424155
4	556	1258	-0.907045	0.421035
4	557	1259	-0.909584	0.415521
4	557	1260	-0.910465	0.413587
4	558	1261	-0.911724	0.410804
4	558	1262	-0.912019	0.410149
4	559	1263	-0.912019	0.410149
4	559	1264	-0.911724	0.410804
4	560	1265	-0.910465	0.413587
4	560	1266	-0.909584	0.415521
4	561	1267	-0.907045	0.421035
4	561	1268	-0.905589	0.424155
4	561	1269	-0.907045	0.421035
4	562	1270	-0.905126	0.425144
4	562	1271	-0.906287	0.422662
4	563	1272	-0.908196	0.418544
4	563	1273	-0.908781	0.417273
4	564	1274	-0.909414	0.415891
4	564	1275	-0.909414	0.415891
4	565	1276	-0.904311	0.426874
4	565	1277	-0.904022	0.427485
4	566	1278	-0.898254	0.439476
4	566	1279	-0.897688	0.440632
4	567	1280	-0.896388	0.443271
4	567	1281	-0.895825	0.444408
4	567	1282	-0.893205	0.449651
4	568	1283	-0.893961	0.448144
4	568	1284	-0.891324	0.453367
4	569	1285	-0.892098	0.451842
4	570	1286	-0.890787	0.454422
4	570	1287	-0.885389	0.464850
4	571	1288	-0.884728	0.466107
4	571	1289	-0.879621	0.475675
4	572	1290	-0.874796	0.484491
4	572	1291	-0.870242	0.492625
4	573	1292	-0.866791	0.498671
4	573	1293	-0.862566	0.505945
4	574	1294	-0.861823	0.507209
4	574	1295	-0.858533	0.512758
4	575	1296	-0.855332	0.518080
4	576	1297	-0.851981	0.523572
4	576	1298	-0.847763	0.530375
4	577	1299	-0.847118	0.531404
4	578	1300	-0.845792	0.533512
4	578	1301	-0.840754	0.541418
4	579	1302	-0.842735	0.538328
4	580	1303	-0.839432	0.543464
4	580	1304	-0.844042	0.536277
4	581	1305	-0.844042	0.536277
4	582	1306	-0.844453	0.535630
4	582	1307	-0.843606	0.536963
4	583	1308	-0.842945	0.538000
4	583	1309	-0.843365	0.537341
4	584	1310	-0.841641	0.540038
4	585	1311	-0.835334	0.549743
4	585	1312	-0.830314	0.557295
4	586	1313	-0.823987	0.566608
4	586	1314	-0.815607	0.578607
4	587	1315	-0.814607	0.580013
4	588	1316	-0.809815	0.586685
4	589	1317	-0.801383	0.598151
4	589	1318	-0.791886	0.610668
4	590	1319	-0.784585	0.620021
4	591	1320	-0.779369	0.626565
4	592	1321	-0.771940	0.635695
4	593	1322	-0.758509	0.651663
4	594	1323	-0.748167	0.663510
4	594	1324	-0.734853	0.678226
4	595	1325	-0.728339	0.685217
4	596	1326	-0.721173	0.692755
4	597	1327	-0.708991	0.705218
4	598	1328	-0.696539	0.717519
4	599	1329	-0.688975	0.724785
4	600	1330	-0.677205	0.735794
4	601	1331	-0.666271	0.745709
4	602	1331	-0.651017	0.759063
4	603	1332	-0.640720	0.767774
4	604	1333	-0.626264	0.779611
4	605	1334	-0.618951	0.785430
4	606	1335	-0.614476	0.788936
4	607	1335	-0.608335	0.793680
4	608	1336	-0.601010	0.799241
4	609	1337	-0.597638	0.801766
4	610	1337	-0.597446	0.801909
4	611	1338	-0.599172	0.800620
4	612	1339	-0.604951	0.796263
4	613	1340	-0.600825	0.799380
4	614	1340	-0.600454	0.799659
4	615	1341	-0.601329	0.799001
4	616	1342	-0.606248	0.795276
4	617	1343	-0.608650	0.793439
4	618	1343	-0.608311	0.793698
4	619	1344	-0.609132	0.793069
4	620	1345	-0.613862	0.789413
4	621	1346	-0.609132	0.793069
4	622	1347	-0.608311	0.793698
4	623	1347	-0.608650	0.793439
4	624	1348	-0.606248	0.795276
4	625	1349	-0.601329	0.799001
4	626	1350	-0.600454	0.799659
4	627	1350	-0.600825	0.799380
4	628	1351	-0.598342	0.801241
4	629	1352	-0.593228	0.805034
4	630	1353	-0.592296	0.805721
4	631	1353	-0.592702	0.805422
4	632	1354	-0.596995	0.802245
4	633	1355	-0.605267	0.796022
4	634	1355	-0.611642	0.791134
4	635	1356	-0.616958	0.786996
4	636	1357	-0.625088	0.780554
4	637	1358	-0.640314	0.768114
4	638	1358	-0.656176	0.754608
4	639	1359	-0.666629	0.745389
4	640	1360	-0.678156	0.734918
4	641	1361	-0.690440	0.723390
4	642	1362	-0.698499	0.715611
4	643	1363	-0.706843	0.707370
4	644	1364	-0.715327	0.698790
4	645	1365	-0.719309	0.694690
4	646	1366	-0.723163	0.690678
4	646	1367	-0.727073	0.686560
4	647	1368	-0.731085	0.682287
4	648	1369	-0.730309	0.683117
4	649	1370	-0.733868	0.679292
4	650	1371	-0.736438	0.676506
4	651	1372	-0.737990	0.674812
4	652	1373	-0.738509	0.674243
4	653	1374	-0.742506	0.669840
4	654	1375	-0.744968	0.667100
4	655	1376	-0.750041	0.661392
4	656	1377	-0.753032	0.657983
4	657	1378	-0.759775	0.650186
4	658	1379	-0.769078	0.639155
4	658	1380	-0.783514	0.621375
4	659	1381	-0.795081	0.606503
4	660	1382	-0.803944	0.594705
4	661	1383	-0.814162	0.580638
4	661	1384	-0.828207	0.560422
4	662	1385	-0.838492	0.544914
4	662	1386	-0.852875	0.522114
4	663	1387	-0.861417	0.507899
4	664	1388	-0.869102	0.494633
4	664	1389	-0.881342	0.472479
4	665	1390	-0.884700	0.466161
4	665	1391	-0.897137	0.441752
4	666	1392	-0.905472	0.424406
4	666	1393	-0.916270	0.400561
4	667	1394	-0.918015	0.396545
4	667	1395	-0.927651	0.373449
4	667	1396	-0.934755	0.355292
4	668	1397	-0.943203	0.332217
4	668	1398	-0.951895	0.306424
4	668	1399	-0.958050	0.286600
4	669	1400	-0.961587	0.274499
4	669	1401	-0.965126	0.261786
4	669	1402	-0.970072	0.242816
4	669	1403	-0.972995	0.230827
4	670	1404	-0.976625	0.214952
4	670	1405	-0.979211	0.202844
4	670	1406	-0.982528	0.186117
4	670	1407	-0.986371	0.164534
4	670	1408	-0.988376	0.152028
4	670	1409	-0.990745	0.135739
4	671	1410	-0.993185	0.116546
4	671	1411	-0.995638	0.093302
4	671	1412	-0.997653	0.068479
4	671	1413	-0.999111	0.042159
4	671	1414	-0.999895	0.014469
4	671	1415	-1.000000	-0.000000
4	671	1416	-0.999895	-0.014469
4	671	1417	-0.999111	-0.042159
4	671	1418	-0.997653	-0.068479
4	671	1419	-0.995638	-0.093302
4	671	1420	-0.993185	-0.116546
4	670	1421	-0.992412	-0.122956
4	670	1422	-0.990065	-0.140612
4	670	1423	-0.988005	-0.154425
4	670	1424	-0.986371	-0.164534
4	670	1425	-0.982963	-0.183806
4	670	1426	-0.980140	-0.198305
4	669	1427	-0.978661	-0.205482
4	669	1428	-0.975248	-0.221113
4	669	1429	-0.972931	-0.231097
4	669	1430	-0.968701	-0.248232
4	669	1431	-0.962288	-0.272032
4	668	1432	-0.956513	-0.291691
4	668	1433	-0.946877	-0.321597
4	668	1434	-0.938808	-0.344442
4	667	1435	-0.931975	-0.362523
4	667	1436	-0.920971	-0.389632
4	667	1437	-0.912278	-0.409571
4	666	1438	-0.903831	-0.427889
4	666	1439	-0.888607	-0.458670
4	665	1440	-0.883743	-0.467973
4	664	1441	-0.876439	-0.481512
4	664	1442	-0.867390	-0.497629
4	663	1443	-0.856449	-0.516232
4	663	1444	-0.842635	-0.538486
4	662	1445	-0.834182	-0.551489
4	661	1446	-0.821456	-0.570272
4	661	1447	-0.806933	-0.590643
4	660	1448	-0.795797	-0.605563
4	659	1449	-0.781753	-0.623588
4	659	1450	-0.763735	-0.645530
4	658	1451	-0.752114	-0.659033
4	657	1452	-0.734638	-0.678459
4	656	1453	-0.720241	-0.693724
4	655	1454	-0.700724	-0.713432
4	654	1455	-0.685521	-0.728053
4	653	1456	-0.666062	-0.745896
4	652	1457	-0.647528	-0.762042
4	651	1457	-0.619954	-0.784638
4	650	1458	-0.595989	-0.802993
4	649	1459	-0.575315	-0.817932
4	648	1460	-0.557552	-0.830142
4	647	1460	-0.522805	-0.852452
4	646	1461	-0.498187	-0.867070
4	645	1461	-0.459306	-0.888278
4	644	1462	-0.438669	-0.898649
4	643	1462	-0.406315	-0.913733
4	642	1463	-0.386424	-0.922321
4	641	1463	-0.356010	-0.934482
4	640	1463	-0.317572	-0.948234
4	639	1464	-0.289784	-0.957092
4	638	1464	-0.257112	-0.966381
4	637	1464	-0.231649	-0.972799
4	636	1464	-0.200096	-0.979776
4	635	1464	-0.176381	-0.984322
4	634	1465	-0.149830	-0.988712
4	633	1465	-0.128438	-0.991717
4	632	1465	-0.103229	-0.994658
4	631	1465	-0.088763	-0.996053
4	630	1465	-0.071715	-0.997425
4	629	1465	-0.052075	-0.998643
4	628	1465	-0.044256	-0.999020
4	627	1465	-0.022177	-0.999754
4	626	1465	-0.000000	-1.000000
4	625	1465	0.022177	-0.999754
4	624	1465	0.044256	-0.999020
4	623	1465	0.052075	-0.998643
4	622	1465	0.071715	-0.997425
4	621	1465	0.088763	-0.996053
4	620	1465	0.103229	-0.994658
4	619	1465	0.128438	-0.991717
4	618	1465	0.149830	-0.988712
4	617	1464	0.176381	-0.984322
4	616	1464	0.200096	-0.979776
4	615	1464	0.231649	-0.972799
4	614	1464	0.270089	-0.962835
4	613	1464	0.314608	-0.949222
4	612	1463	0.350139	-0.936698
4	611	1463	0.360261	-0.932852
4	610	1463	0.362346	-0.932044
4	609	1462	0.378321	-0.925674
4	608	1462	0.365334	-0.930877
4	607	1461	0.397284	-0.917696
4	606	1461	0.381993	-0.924165
4	605	1460	0.439513	-0.898236
4	604	1459	0.497333	-0.867560
4	603	1458	0.547786	-0.836618
4	602	1457	0.587129	-0.809494
5	953	1345	-0.907098	-0.420919
5	953	1346	-0.874030	-0.485872
5	953	1347	-0.846277	-0.532743
5	952	1348	-0.866668	-0.498885
5	951	1349	-0.886979	-0.461810
5	951	1350	-0.864379	-0.502841
5	950	1351	-0.872903	-0.487894
5	950	1352	-0.860505	-0.509442
5	949	1353	-0.866775	-0.498699
5	949	1354	-0.857610	-0.514300
5	948	1355	-0.862276	-0.506439
5	947	1356	-0.856218	-0.516615
5	947	1357	-0.856218	-0.516615
5	946	1358	-0.857551	-0.514399
5	946	1359	-0.858483	-0.512843
5	945	1360	-0.857102	-0.515146
5	944	1361	-0.859820	-0.510597
5	944	1362	-0.859350	-0.511388
5	943	1363	-0.864091	-0.503335
5	942	1364	-0.862833	-0.505490
5	942	1365	-0.866336	-0.499462
5	941	1366	-0.867777	-0.496954
5	941	1367	-0.866791	-0.498671
5	940	1368	-0.870242	-0.492625
5	940	1369	-0.869992	-0.493067
5	939	1370	-0.875462	-0.483288
5	939	1371	-0.875977	-0.482353
5	938	1372	-0.877972	-0.478712
5	938	1373	-0.879017	-0.476790
5	937	1374	-0.882336	-0.470619
5	936	1375	-0.879017	-0.476790
5	936	1376	-0.882800	-0.469749
5	935	1377	-0.880147	-0.474700
5	935	1378	-0.879359	-0.476160
5	934	1379	-0.878030	-0.478605
5	934	1380	-0.877770	-0.479082
5	933	1381	-0.877770	-0.479082
5	933	1382	-0.878030	-0.478605
5	932	1383	-0.879359	-0.476160
5	932	1384	-0.880147	-0.474700
5	931	1385	-0.882800	-0.469749
5	931	1386	-0.879017	-0.476790
5	930	1387	-0.882336	-0.470619
5	929	1388	-0.879017	-0.476790
5	929	1389	-0.882800	-0.469749
5	928	1390	-0.880147	-0.474700
5	928	1391	-0.884192	-0.467125
5	927	1392	-0.886667	-0.462408
5	927	1393	-0.890701	-0.454590
5	926	1394	-0.893211	-0.449638
5	926	1395	-0.897222	-0.441580
5	925	1396	-0.899758	-0.436389
5	925	1397	-0.903734	-0.428095
5	924	1398	-0.906287	-0.422662
5	924	1399	-0.905126	-0.425144
5	923	1400	-0.907045	-0.421035
5	923	1401	-0.910045	-0.414508
5	923	1402	-0.911222	-0.411915
5	922	1403	-0.913106	-0.407723
5	922	1404	-0.913698	-0.406395
5	921	1405	-0.914322	-0.404989
5	921	1406	-0.914322	-0.404989
5	920	1407	-0.913698	-0.406395
5	920	1408	-0.917530	-0.397667
5	919	1409	-0.915050	-0.403341
5	919	1410	-0.917987	-0.396611
5	919	1411	-0.918883	-0.394530
5	918	1412	-0.919496	-0.393098
5	918	1413	-0.923880	-0.382683
5	917	1414	-0.926741	-0.375702
5	917	1415	-0.929854	-0.367929
5	916	1416	-0.930358	-0.366653
5	916	1417	-0.932227	-0.361875
5	916	1418	-0.932227	-0.361875
5	915	1419	-0.935059	-0.354493
5	915	1420	-0.933545	-0.358461
5	915	1421	-0.934452	-0.356088
5	914	1422	-0.938962	-0.344021
5	914	1423	-0.938359	-0.345663
5	914	1424	-0.940171	-0.340704
5	913	1425	-0.941823	-0.336110
5	913	1426	-0.941823	-0.336110
5	912	1427	-0.940171	-0.340704
5	912	1428	-0.942246	-0.334922
5	912	1429	-0.946370	-0.323084
5	911	1430	-0.944770	-0.327733
5	911	1431	-0.946783	-0.321871
5	911	1432	-0.950822	-0.309738
5	910	1433	-0.952780	-0.303661
5	910	1434	-0.957763	-0.287558
5	910	1435	-0.960967	-0.276663
5	909	1436	-0.961939	-0.273264
5	909	1437	-0.965994	-0.258566
5	909	1438	-0.967998	-0.250956
5	909	1439	-0.971255	-0.238041
5	908	1440	-0.975330	-0.220753
5	908	1441	-0.978216	-0.207591
5	908	1442	-0.979412	-0.201871
5	908	1443	-0.981691	-0.190480
5	908	1444	-0.982352	-0.187042
5	907	1445	-0.983741	-0.179596
5	907	1446	-0.986303	-0.164941
5	907	1447	-0.987184	-0.159587
5	907	1448	-0.988589	-0.150639
5	907	1449	-0.990431	-0.138006
5	907	1450	-0.992583	-0.121565
5	907	1451	-0.993324	-0.115362
5	906	1452	-0.994227	-0.107293
5	906	1453	-0.995442	-0.095365
5	906	1454	-0.996724	-0.080883
5	906	1455	-0.997961	-0.063827
5	906	1456	-0.998282	-0.058597
5	906	1457	-0.998643	-0.052075
5	906	1458	-0.999020	-0.044256
5	906	1459	-0.999754	-0.022177
5	906	1460	-1.000000	-0.000000
5	906	1461	-0.999754	0.022177
5	906	1462	-0.999020	0.044256
5	906	1463	-0.998643	0.052075
5	906	1464	-0.998282	0.058597
5	906	1465	-0.997961	0.063827
5	906	1466	-0.996724	0.080883
5	906	1467	-0.995442	0.095365
5	906	1468	-0.994227	0.107293
5	907	1469	-0.993324	0.115362
5	907	1470	-0.990934	0.134346
5	907	1471	-0.988771	0.149437
5	907	1472	-0.986991	0.160777
5	907	1473	-0.985704	0.168487
5	907	1474	-0.982660	0.185415
5	907	1475	-0.980274	0.197644
5	908	1476	-0.976831	0.214014
5	908	1477	-0.974070	0.226249
5	908	1478	-0.972480	0.232985
5	908	1479	-0.969018	0.246992
5	909	1480	-0.965093	0.261909
5	909	1481	-0.958431	0.285324
5	909	1482	-0.953179	0.302407
5	909	1483	-0.945451	0.325765
5	910	1484	-0.942847	0.333227
5	910	1485	-0.936578	0.350459
5	911	1486	-0.934890	0.354938
5	911	1487	-0.926887	0.375340
5	911	1488	-0.916360	0.400356
5	912	1489	-0.912775	0.408462
5	912	1490	-0.905531	0.424281
5	913	1491	-0.895921	0.444213
5	913	1492	-0.882947	0.469473
5	914	1493	-0.873050	0.487631
5	914	1494	-0.865218	0.501395
5	915	1495	-0.857595	0.514326
5	915	1496	-0.844793	0.535093
5	916	1497	-0.834775	0.550591
5	917	1498	-0.824582	0.565742
5	917	1499	-0.810596	0.585605
5	918	1500	-0.800506	0.599325
5	919	1501	-0.791747	0.610850
5	920	1502	-0.776600	0.629994
5	921	1503	-0.763700	0.645571
5	921	1504	-0.745709	0.666271
5	922	1505	-0.735794	0.677205
5	923	1506	-0.720484	0.693472
5	924	1507	-0.709044	0.705165
5	925	1508	-0.697361	0.716720
5	926	1509	-0.685684	0.727900
5	927	1510	-0.674312	0.738447
5	928	1511	-0.663872	0.747847
5	929	1511	-0.648563	0.761161
5	930	1512	-0.633198	0.773990
5	931	1513	-0.619860	0.784713
5	932	1514	-0.613851	0.789422
5	933	1514	-0.600825	0.799380
5	934	1515	-0.592377	0.805661
5	935	1516	-0.587985	0.808872
5	936	1517	-0.581372	0.813638
5	937	1517	-0.574946	0.818191
5	938	1518	-0.568066	0.822983
5	939	1519	-0.567631	0.823283
5	940	1519	-0.553311	0.832975
5	941	1520	-0.538708	0.842492
5	942	1521	-0.531811	0.846863
5	943	1521	-0.518080	0.855332
5	944	1522	-0.498430	0.866930
5	945	1523	-0.480864	0.876795
5	946	1523	-0.451714	0.892163
5	947	1524	-0.435036	0.900413
5	948	1524	-0.403598	0.914936
5	949	1525	-0.386448	0.922311
5	950	1525	-0.357456	0.933930
5	951	1525	-0.320710	0.947178
5	952	1526	-0.296310	0.955092
5	953	1526	-0.265706	0.964054
5	954	1526	-0.216844	0.976206
5	955	1526	-0.175115	0.984548
5	956	1526	-0.142034	0.989862
5	957	1526	-0.104494	0.994526
5	958	1527	-0.079192	0.996859
5	959	1527	-0.048090	0.998843
5	960	1527	-0.016080	0.999871
5	961	1527	0.016080	0.999871
5	962	1527	0.048090	0.998843
5	963	1527	0.079192	0.996859
5	964	1526	0.104494	0.994526
5	965	1526	0.142034	0.989862
5	966	1526	0.175115	0.984548
5	967	1526	0.216844	0.976206
5	968	1526	0.252649	0.967558
5	969	1526	0.284537	0.958665
5	970	1525	0.298960	0.954266
5	971	1525	0.325956	0.945385
5	972	1525	0.358467	0.933542
5	973	1524	0.370046	0.929013
5	974	1524	0.394044	0.919092
5	975	1523	0.420144	0.907458
5	976	1523	0.454156	0.890922
5	977	1522	0.469863	0.882739
5	978	1522	0.492624	0.870242
5	979	1521	0.507128	0.861871
5	980	1521	0.528640	0.848846
5	981	1520	0.545580	0.838058
5	982	1519	0.562003	0.827135
5	983	1519	0.582346	0.812941
5	984	1518	0.597126	0.802148
5	985	1517	0.609572	0.792730
5	986	1516	0.624953	0.780663
5	987	1516	0.647169	0.762346
5	988	1515	0.662815	0.748784
5	989	1514	0.674801	0.737999
5	990	1513	0.687581	0.726108
5	991	1512	0.696144	0.717902
5	992	1511	0.705009	0.709199
5	993	1510	0.714019	0.700126
5	994	1509	0.723006	0.690842
5	995	1508	0.731399	0.681950
5	996	1507	0.739095	0.673602
5	996	1506	0.748180	0.663495
5	997	1505	0.755626	0.655003
5	998	1504	0.761575	0.648077
5	999	1503	0.765933	0.642921
5	1000	1502	0.768633	0.639690
5	1001	1501	0.774217	0.632920
5	1002	1500	0.777562	0.628807
5	1002	1499	0.782226	0.622995
5	1003	1498	0.787602	0.616184
5	1004	1497	0.790025	0.613075
5	1005	1496	0.793848	0.608117
5	1005	1495	0.803783	0.594923
5	1006	1494	0.809503	0.587116
5	1007	1493	0.816841	0.576862
5	1008	1492	0.820451	0.571717
5	1008	1491	0.829557	0.558422
5	1009	1490	0.832513	0.554005
5	1010	1489	0.835405	0.549635
5	1010	1488	0.844479	0.535589
5	1011	1487	0.851541	0.524288
5	1011	1486	0.860941	0.508705
5	1012	1485	0.865032	0.501717
5	1013	1484	0.873452	0.486911
5	1013	1483	0.885930	0.463820
5	1014	1482	0.889999	0.455963
5	1014	1481	0.897137	0.441752
5	1015	1480	0.901303	0.433189
5	1015	1479	0.908318	0.418281
5	1016	1478	0.911229	0.411900
5	1016	1477	0.921609	0.388120
5	1016	1476	0.925384	0.379032
5	1017	1475	0.931975	0.362523
5	1017	1474	0.938660	0.344844
5	1017	1473	0.943147	0.332375
5	1018	1472	0.949983	0.312300
5	1018	1471	0.955642	0.294529
5	1019	1470	0.958259	0.285903
5	1019	1469	0.961373	0.275250
5	1019	1468	0.965994	0.258566
5	1019	1467	0.968533	0.248885
5	1020	1466	0.971553	0.236822
5	1020	1465	0.977037	0.213069
5	1020	1464	0.980285	0.197586
5	1020	1463	0.984151	0.177332
5	1020	1462	0.988376	0.152028
5	1020	1461	0.990745	0.135739
5	1021	1460	0.993185	0.116546
5	1021	1459	0.994378	0.105893
5	1021	1458	0.995694	0.092700
5	1021	1457	0.997036	0.076941
5	1021	1456	0.998282	0.058597
5	1021	1455	0.998643	0.052075
5	1021	1454	0.999020	0.044256
5	1021	1453	0.999383	0.035137
5	1021	1452	0.999694	0.024717
5	1021	1451	0.999915	0.013001
5	1021	1450	1.000000	0.000000
5	1021	1449	1.000000	0.000000
5	1021	1448	0.999915	-0.013001
5	1021	1447	0.999694	-0.024717
5	1021	1446	0.999383	-0.035137
5	1021	1445	0.999020	-0.044256
5	1021	1444	0.998643	-0.052075
5	1021	1443	0.998282	-0.058597
5	1021	1442	0.997961	-0.063827
5	1021	1441	0.996724	-0.080883
5	1021	1440	0.995442	-0.095365
5	1021	1439	0.994227	-0.107293
5	1020	1438	0.991747	-0.128210
5	1020	1437	0.989311	-0.145818
5	1020	1436	0.985021	-0.172436
5	1020	1435	0.978348	-0.206967
5	1020	1434	0.977259	-0.212051
5	1020	1433	0.977509	-0.210893
5	1020	1432	0.979553	-0.201188
5	1019	1431	0.970512	-0.241052
5	1019	1430	0.973919	-0.226895
5	1019	1429	0.979733	-0.200306
5	1018	1428	0.962033	-0.272934
5	1018	1427	0.965571	-0.260141
5	1017	1426	0.932832	-0.360312
5	1016	1425	0.893302	-0.449457
6	990	1363	-0.973249	0.229753
6	990	1364	-0.946738	0.322006
6	990	1365	-0.948683	0.316228
6	991	1366	-0.923880	0.382683
6	991	1367	-0.957092	0.289784
7	991	1367	-0.818768	0.574125
7	992	1368	-0.843621	0.536940
7	993	1369	-0.862577	0.505926
7	994	1370	-0.883219	0.468962
7	994	1371	-0.856848	0.515569
7	995	1372	-0.874822	0.484444
7	995	1373	-0.857141	0.515082
7	996	1374	-0.870812	0.491616
7	996	1375	-0.862371	0.506278
7	997	1376	-0.870823	0.491597
7	998	1377	-0.869194	0.494471
7	998	1378	-0.877972	0.478712
7	999	1379	-0.880147	0.474700
7	999	1380	-0.884192	0.467125
7	1000	1381	-0.882206	0.470864
7	1000	1382	-0.886514	0.462702
7	1001	1383	-0.885194	0.465223
7	1001	1384	-0.889770	0.456409
7	1002	1385	-0.889113	0.457688
7	1002	1386	-0.893961	0.448144
7	1003	1387	-0.898437	0.439103
7	1003	1388	-0.898153	0.439682
7	1004	1389	-0.901984	0.431769
7	1004	1390	-0.901411	0.432965
7	1005	1391	-0.904601	0.426260
7	1005	1392	-0.903734	0.428095
7	1006	1393	-0.906287	0.422662
7	1006	1394	-0.905126	0.425144
7	1007	1395	-0.907045	0.421035
7	1007	1396	-0.905589	0.424155
7	1007	1397	-0.907045	0.421035
7	1008	1398	-0.909584	0.415521
7	1008	1399	-0.910465	0.413587
7	1009	1400	-0.911724	0.410804
7	1009	1401	-0.912019	0.410149
7	1010	1402	-0.912019	0.410149
7	1010	1403	-0.916157	0.400819
7	1011	1404	-0.914291	0.405058
7	1011	1405	-0.917530	0.397667
7	1012	1406	-0.917930	0.396742
7	1012	1407	-0.919952	0.392031
7	1012	1408	-0.924632	0.380863
7	1013	1409	-0.924030	0.382319
7	1013	1410	-0.923428	0.383772
7	1014	1411	-0.920568	0.390583
7	1014	1412	-0.925647	0.378389
7	1014	1413	-0.931138	0.364666
7	1015	1414	-0.922659	0.385616
7	1015	1415	-0.931466	0.363827
7	1015	1416	-0.946308	0.323267
7	1016	1417	-0.923589	0.383384
7	1016	1418	-0.939674	0.342071
7	1017	1419	-0.917232	0.398353
7	1018	1420	-0.884335	0.466852
8	991	1367	-0.875977	-0.482353
8	990	1368	-0.910214	-0.414139
8	989	1369	-0.934189	-0.356779
8	989	1370	-0.918625	-0.395130
8	988	1371	-0.942842	-0.333241
8	988	1372	-0.928603	-0.371075
8	988	1373	-0.920453	-0.390854
8	987	1374	-0.930041	-0.367457
8	987	1375	-0.925059	-0.379824
8	986	1376	-0.929940	-0.367711
8	986	1377	-0.927627	-0.373508
8	986	1378	-0.932529	-0.361095
8	985	1379	-0.932529	-0.361095
8	985	1380	-0.931924	-0.362652
8	985	1381	-0.929445	-0.368962
8	984	1382	-0.927772	-0.373148
8	984	1383	-0.928376	-0.371643
8	983	1384	-0.928376	-0.371643
8	983	1385	-0.927772	-0.373148
8	983	1386	-0.925239	-0.379384
8	982	1387	-0.923579	-0.383408
8	982	1388	-0.919796	-0.392397
8	981	1389	-0.920407	-0.390961
8	981	1390	-0.920108	-0.391665
8	980	1391	-0.918267	-0.395961
8	980	1392	-0.921470	-0.388450
8	980	1393	-0.918267	-0.395961
8	979	1394	-0.920108	-0.391665
8	979	1395	-0.915996	-0.401187
8	978	1396	-0.915996	-0.401187
8	978	1397	-0.920108	-0.391665
8	977	1398	-0.918267	-0.395961
8	977	1399	-0.921470	-0.388450
8	977	1400	-0.918267	-0.395961
8	976	1401	-0.920108	-0.391665
8	976	1402	-0.920407	-0.390961
8	975	1403	-0.919796	-0.392397
8	975	1404	-0.923579	-0.383408
8	974	1405	-0.921153	-0.389200
8	974	1406	-0.924030	-0.382321
8	974	1407	-0.920552	-0.390620
8	973	1408	-0.921770	-0.387738
8	973	1409	-0.917371	-0.398034
8	972	1410	-0.916753	-0.399455
8	972	1411	-0.916157	-0.400819
8	972	1412	-0.913798	-0.406169
8	971	1413	-0.913106	-0.407723
8	971	1414	-0.910127	-0.414330
8	970	1415	-0.908196	-0.418544
8	970	1416	-0.904601	-0.426260
8	969	1417	-0.901411	-0.432965
8	969	1418	-0.901984	-0.431769
8	968	1419	-0.898153	-0.439682
8	968	1420	-0.898437	-0.439103
8	967	1421	-0.893961	-0.448144
8	967	1422	-0.893961	-0.448144
8	966	1423	-0.893961	-0.448144
8	966	1424	-0.893961	-0.448144
8	965	1425	-0.898437	-0.439103
8	965	1426	-0.898153	-0.439682
8	964	1427	-0.901984	-0.431769
8	964	1428	-0.901411	-0.432965
8	963	1429	-0.904601	-0.426260
8	963	1430	-0.908196	-0.418544
8	962	1431	-0.910127	-0.414330
8	962	1432	-0.913106	-0.407723
8	961	1433	-0.913798	-0.406169
8	961	1434	-0.916157	-0.400819
8	961	1435	-0.921162	-0.389180
8	960	1436	-0.925235	-0.379395
8	960	1437	-0.928965	-0.370167
8	959	1438	-0.930641	-0.365933
8	959	1439	-0.937064	-0.349156
8	959	1440	-0.941275	-0.337641
8	958	1441	-0.947635	-0.319354
8	958	1442	-0.953092	-0.302679
8	957	1443	-0.958461	-0.285225
8	957	1444	-0.966974	-0.254877
8	957	1445	-0.975723	-0.219007
8	957	1446	-0.984180	-0.177170
8	956	1447	-0.990540	-0.137222
8	956	1448	-0.996366	-0.085171
8	956	1449	-0.999491	-0.031896
8	956	1450	-0.999338	0.036393
8	956	1451	-0.993015	0.117985
8	956	1452	-0.980465	0.196692
8	956	1453	-0.959533	0.281597
8	957	1454	-0.941015	0.338365
8	957	1455	-0.909176	0.416411
8	957	1456	-0.867332	0.497730
8	958	1457	-0.836512	0.547949
8	958	1458	-0.783936	0.620842
8	959	1459	-0.749362	0.662160
8	960	1460	-0.710272	0.703927
8	961	1461	-0.668620	0.743604
8	962	1462	-0.626893	0.779105
8	963	1462	-0.547912	0.836536
8	964	1463	-0.495805	0.868434
8	965	1463	-0.410782	0.911733
8	966	1464	-0.347988	0.937499
8	967	1464	-0.242109	0.970249
8	968	1464	-0.143323	0.989676
8	969	1464	-0.037291	0.999304
8	970	1464	0.069741	0.997565
8	971	1464	0.173503	0.984833
8	972	1464	0.254655	0.967032
8	973	1463	0.305878	0.952071
8	974	1463	0.376369	0.926470
8	975	1463	0.439534	0.898226
8	976	1462	0.464137	0.885764
8	977	1461	0.487397	0.873181
8	978	1461	0.522747	0.852488
8	979	1460	0.543007	0.839728
8	980	1459	0.563648	0.826015
8	981	1458	0.583273	0.812276
8	982	1458	0.595628	0.803260
8	983	1457	0.600960	0.799279
8	984	1456	0.610880	0.791723
8	985	1455	0.618632	0.785681
8	986	1455	0.624680	0.780881
8	987	1454	0.629618	0.776905
8	988	1453	0.637209	0.770691
8	989	1452	0.641168	0.767400
8	990	1451	0.647039	0.762457
8	991	1450	0.654645	0.755936
8	992	1450	0.665660	0.746255
8	993	1449	0.669353	0.742945
8	994	1448	0.674100	0.738640
8	995	1447	0.679805	0.733393
8	996	1446	0.686355	0.727267
8	997	1445	0.688730	0.725018
8	998	1444	0.691579	0.722301
8	999	1443	0.694874	0.719131
8	1000	1442	0.698584	0.715528
8	1001	1441	0.702674	0.711512
8	1002	1440	0.711512	0.702674
8	1003	1439	0.715528	0.698584
8	1004	1438	0.719131	0.694874
8	1005	1437	0.722301	0.691579
8	1006	1436	0.725018	0.688730
8	1007	1435	0.727267	0.686355
8	1008	1434	0.726966	0.686673
8	1009	1433	0.725906	0.687794
8	1010	1432	0.723926	0.689878
8	1011	1431	0.720947	0.692990
8	1011	1430	0.751262	0.660004
8	1012	1429	0.753607	0.657325
8	1013	1428	0.753997	0.656878
8	1014	1427	0.752416	0.658688
8	1015	1426	0.749081	0.662479
8	1016	1425	0.744332	0.667810
9	1229	1396	0.092865	-0.995679
9	1228	1395	-0.099555	-0.995032
9	1227	1395	-0.139397	-0.990237
9	1226	1394	-0.289784	-0.957092
9	1225	1394	-0.322006	-0.946738
9	1224	1395	-0.244897	-0.969549
9	1223	1395	-0.259794	-0.965664
9	1222	1395	-0.280123	-0.959964
9	1221	1396	-0.246962	-0.969025
9	1220	1396	-0.266467	-0.963844
9	1219	1396	-0.271411	-0.962464
9	1218	1397	-0.308582	-0.951198
9	1217	1397	-0.330321	-0.943869
9	1216	1397	-0.357510	-0.933909
9	1215	1398	-0.361875	-0.932227
9	1214	1398	-0.371246	-0.928534
9	1213	1398	-0.384517	-0.923118
9	1212	1399	-0.393098	-0.919496
9	1211	1399	-0.398499	-0.917169
9	1210	1400	-0.400819	-0.916157
9	1209	1400	-0.408832	-0.912610
9	1208	1401	-0.406026	-0.913862
9	1207	1401	-0.415891	-0.909414
9	1206	1402	-0.417273	-0.908781
9	1205	1402	-0.418544	-0.908196
9	1204	1403	-0.432142	-0.901806
9	1203	1403	-0.433932	-0.900946
9	1202	1404	-0.437937	-0.899006
9	1201	1404	-0.439682	-0.898153
9	1200	1404	-0.445518	-0.895273
9	1199	1405	-0.445345	-0.895359
9	1198	1405	-0.451138	-0.892454
9	1197	1406	-0.460392	-0.887716
9	1196	1406	-0.475471	-0.879731
9	1195	1407	-0.481512	-0.876439
9	1194	1408	-0.490182	-0.871620
9	1193	1408	-0.498183	-0.867072
9	1192	1409	-0.504115	-0.863637
9	1191	1409	-0.519543	-0.854444
9	1190	1410	-0.521762	-0.853091
9	1189	1410	-0.527532	-0.849535
9	1188	1411	-0.533512	-0.845792
9	1187	1412	-0.531404	-0.847118
9	1186	1413	-0.537696	-0.843139
9	1185	1413	-0.538682	-0.842509
9	1184	1414	-0.538682	-0.842509
9	1183	1414	-0.545811	-0.837909
9	1182	1415	-0.540713	-0.841207
9	1181	1416	-0.543780	-0.839228
9	1180	1416	-0.543780	-0.839228
9	1179	1417	-0.548395	-0.836220
9	1178	1418	-0.551386	-0.834250
9	1177	1418	-0.559177	-0.829048
9	1176	1419	-0.573823	-0.818979
9	1175	1420	-0.593234	-0.805030
9	1174	1420	-0.614892	-0.788611
9	1173	1421	-0.634949	-0.772554
9	1172	1421	-0.664514	-0.747275
9	1171	1422	-0.687645	-0.726047
9	1170	1423	-0.711246	-0.702943
9	1169	1424	-0.733722	-0.679450
9	1168	1425	-0.758579	-0.651581
9	1167	1426	-0.784198	-0.620511
9	1167	1427	-0.824091	-0.566458
9	1166	1428	-0.848517	-0.529169
9	1166	1429	-0.883585	-0.468270
9	1165	1430	-0.903777	-0.428004
9	1165	1431	-0.926863	-0.375401
9	1165	1432	-0.944303	-0.329076
9	1164	1433	-0.946433	-0.322900
9	1164	1434	-0.955278	-0.295710
9	1164	1435	-0.964289	-0.264852
9	1164	1436	-0.972524	-0.232804
9	1164	1437	-0.978995	-0.203886
9	1164	1438	-0.987444	-0.157969
9	1164	1439	-0.992434	-0.122782
9	1164	1440	-0.997014	-0.077223
9	1163	1441	-0.981956	-0.189108
9	1163	1442	-0.986371	-0.164534
10	1229	1396	0.651995	0.758223
10	1230	1396	0.706647	0.707566
10	1231	1395	0.705739	0.708472
10	1232	1394	0.704871	0.709335
10	1233	1393	0.704090	0.710111
10	1234	1392	0.703440	0.710755
10	1235	1391	0.702958	0.711232
10	1236	1390	0.702657	0.711529
10	1237	1389	0.708344	0.705867
10	1238	1388	0.712319	0.701856
10	1239	1387	0.714781	0.699349
10	1240	1386	0.722301	0.691579
10	1241	1385	0.725018	0.688730
10	1242	1384	0.727267	0.686355
10	1243	1383	0.733393	0.679805
10	1244	1382	0.738640	0.674100
10	1245	1381	0.742945	0.669353
10	1246	1380	0.750466	0.660909
10	1246	1379	0.760213	0.649674
10	1247	1378	0.766260	0.642531
10	1248	1377	0.770691	0.637209
10	1249	1376	0.773439	0.633871
10	1250	1375	0.779126	0.626867
10	1251	1374	0.782541	0.622598
10	1251	1373	0.787242	0.616645
10	1252	1372	0.787844	0.615875
10	1253	1371	0.786039	0.618177
10	1253	1370	0.781124	0.624376
10	1254	1369	0.776560	0.630044
10	1255	1368	0.780096	0.625660
10	1256	1367	0.781280	0.624181
10	1257	1366	0.780096	0.625660
10	1257	1365	0.775345	0.631538
10	1258	1364	0.771456	0.636283
10	1259	1363	0.765365	0.643597
10	1260	1362	0.762136	0.647417
10	1261	1361	0.757283	0.653087
10	1262	1360	0.750881	0.660437
10	1263	1359	0.748180	0.663495
10	1263	1358	0.743235	0.669030
10	1264	1357	0.744488	0.667636
10	1265	1356	0.744144	0.668019
10	1266	1355	0.742218	0.670159
10	1267	1354	0.743802	0.668400
10	1268	1353	0.744332	0.667810
10	1269	1352	0.743802	0.668400
10	1270	1351	0.746810	0.665037
10	1271	1350	0.748238	0.663430
10	1272	1349	0.748055	0.663636
10	1273	1348	0.746255	0.665660
10	1273	1347	0.751184	0.660093
10	1274	1346	0.753364	0.657604
10	1275	1345	0.754459	0.656348
10	1276	1344	0.754459	0.656348
10	1277	1343	0.753364	0.657604
10	1278	1342	0.755936	0.654645
10	1278	1341	0.756146	0.654403
10	1279	1340	0.756872	0.653564
10	1280	1339	0.755936	0.654645
10	1281	1338	0.753364	0.657604
10	1282	1337	0.749199	0.662345
10	1283	1336	0.748660	0.662954
10	1284	1335	0.747050	0.664768
10	1285	1334	0.744384	0.667752
10	1286	1333	0.736494	0.676444
10	1286	1332	0.727645	0.685954
10	1287	1331	0.719309	0.694690
10	1288	1330	0.715327	0.698790
10	1289	1329	0.711248	0.702941
10	1290	1328	0.707107	0.707107
10	1291	1327	0.702941	0.711248
10	1292	1326	0.698790	0.715327
10	1293	1325	0.694690	0.719309
10	1294	1324	0.690678	0.723163
10	1295	1324	0.686560	0.727073
10	1296	1323	0.682287	0.731085
10	1297	1322	0.683117	0.730309
10	1298	1321	0.684477	0.729034
10	1299	1320	0.681233	0.732066
10	1300	1319	0.679035	0.734106
10	1301	1318	0.677925	0.735131
10	1302	1317	0.677925	0.735131
10	1303	1316	0.679035	0.734106
10	1304	1315	0.681233	0.732066
10	1305	1314	0.684477	0.729034
10	1306	1313	0.683117	0.730309
10	1307	1312	0.682287	0.731085
10	1308	1311	0.681997	0.731355
10	1309	1311	0.676721	0.736240
10	1310	1310	0.672163	0.740403
10	1311	1309	0.668666	0.743563
10	1312	1308	0.666296	0.745687
10	1313	1307	0.665100	0.746755
10	1314	1306	0.659820	0.751424
10	1315	1305	0.656270	0.754526
10	1316	1304	0.654565	0.756006
10	1317	1303	0.649689	0.760200
10	1318	1302	0.647332	0.762208
10	1319	1302	0.642140	0.766588
10	1320	1301	0.630468	0.776215
10	1321	1300	0.621069	0.783756
10	1322	1299	0.608603	0.793475
10	1323	1298	0.599459	0.800405
10	1324	1298	0.580039	0.814589
10	1325	1297	0.569425	0.822043
10	1326	1296	0.557485	0.830187
10	1327	1296	0.536654	0.843802
10	1328	1295	0.526452	0.850205
10	1329	1294	0.517561	0.855646
10	1330	1294	0.480256	0.877129
10	1331	1293	0.451222	0.892412
10	1332	1293	0.402726	0.915320
10	1333	1292	0.366541	0.930402
10	1334	1292	0.317285	0.948330
10	1335	1291	0.263209	0.964739
10	1336	1291	0.180551	0.983566
10	1337	1291	0.091775	0.995780
10	1338	1290	-0.010618	0.999944
10	1339	1290	-0.133693	0.991023
10	1340	1291	-0.222837	0.974856
10	1341	1291	-0.340425	0.940272
10	1342	1292	-0.416700	0.909044
10	1343	1292	-0.518458	0.855103
10	1344	1292	-0.618262	0.785972
10	1345	1293	-0.665348	0.746533
10	1346	1294	-0.708665	0.705545
10	1347	1295	-0.748741	0.662863
10	1347	1296	-0.806615	0.591077
10	1348	1297	-0.837197	0.546901
10	1348	1298	-0.877111	0.480288
10	1349	1299	-0.901079	0.433655
10	1349	1300	-0.929713	0.368286
10	1349	1301	-0.954190	0.299202
10	1349	1302	-0.971799	0.235810
10	1350	1303	-0.982701	0.185202
10	1350	1304	-0.991354	0.131217
10	1350	1305	-0.997220	0.074509
10	1350	1306	-0.999556	0.029811
10	1350	1307	-0.999869	-0.016166
10	1350	1308	-0.998073	-0.062054
10	1350	1309	-0.994356	-0.106093
10	1350	1310	-0.988941	-0.148308
10	1349	1311	-0.983833	-0.179086
10	1349	1312	-0.977708	-0.209968
10	1349	1313	-0.968479	-0.249096
10	1349	1314	-0.962551	-0.271102
10	1348	1315	-0.956321	-0.292320
10	1348	1316	-0.950389	-0.311063
10	1348	1317	-0.941920	-0.335837
10	1347	1318	-0.934014	-0.357236
10	1347	1319	-0.927200	-0.374565
10	1346	1320	-0.920552	-0.390620
10	1346	1321	-0.916730	-0.399507
10	1346	1322	-0.906237	-0.422771
10	1345	1323	-0.903381	-0.428839
10	1345	1324	-0.896310	-0.443428
10	1344	1325	-0.892187	-0.451667
10	1344	1326	-0.885022	-0.465549
10	1343	1327	-0.881012	-0.473094
10	1342	1328	-0.875515	-0.483191
10	1342	1329	-0.870701	-0.491813
10	1341	1330	-0.866580	-0.499038
10	1341	1331	-0.857130	-0.515101
10	1340	1332	-0.849987	-0.526804
10	1340	1333	-0.840879	-0.541224
10	1339	1334	-0.832475	-0.554062
10	1338	1335	-0.824817	-0.565400
10	1338	1336	-0.810359	-0.585934
10	1337	1337	-0.803165	-0.595756
10	1336	1338	-0.793102	-0.609089
10	1336	1339	-0.774285	-0.632836
10	1335	1340	-0.765901	-0.642958
10	1334	1341	-0.755628	-0.655001
10	1333	1342	-0.747930	-0.663778
10	1332	1343	-0.734741	-0.678348
10	1331	1344	-0.724994	-0.688755
10	1330	1345	-0.719543	-0.694448
10	1329	1346	-0.712957	-0.701207
10	1328	1347	-0.710188	-0.704012
10	1327	1348	-0.706849	-0.707365
10	1326	1349	-0.702972	-0.711218
10	1325	1350	-0.703976	-0.710224
10	1324	1351	-0.705005	-0.709202
10	1323	1352	-0.706052	-0.708160
10	1322	1352	-0.706839	-0.707374
10	1321	1353	-0.707374	-0.706839
10	1321	1354	-0.708160	-0.706052
10	1320	1355	-0.709202	-0.705005
10	1319	1356	-0.710224	-0.703976
10	1318	1357	-0.711218	-0.702972
10	1317	1358	-0.712175	-0.702002
10	1316	1359	-0.713090	-0.701072
10	1315	1360	-0.713957	-0.700190
10	1314	1361	-0.714770	-0.699359
10	1313	1362	-0.715528	-0.698584
10	1312	1363	-0.711512	-0.702674
10	1311	1364	-0.707107	-0.707107
10	1310	1365	-0.711512	-0.702674
10	1309	1366	-0.715528	-0.698584
10	1308	1367	-0.719131	-0.694874
10	1307	1368	-0.722301	-0.691579
10	1306	1369	-0.725018	-0.688730
10	1305	1370	-0.727267	-0.686355
10	1304	1371	-0.729034	-0.684477
10	1303	1372	-0.730309	-0.683117
10	1302	1373	-0.731085	-0.682287
10	1301	1374	-0.731355	-0.681997
10	1301	1375	-0.731355	-0.681997
10	1300	1376	-0.731085	-0.682287
10	1299	1377	-0.730309	-0.683117
10	1298	1378	-0.729034	-0.684477
10	1297	1379	-0.727267	-0.686355
10	1296	1380	-0.725018	-0.688730
10	1295	1381	-0.722301	-0.691579
10	1294	1382	-0.719131	-0.694874
10	1293	1383	-0.715528	-0.698584
10	1292	1384	-0.716005	-0.698096
10	1291	1385	-0.715528	-0.698584
10	1290	1386	-0.719131	-0.694874
10	1289	1387	-0.722301	-0.691579
10	1288	1388	-0.725018	-0.688730
10	1287	1389	-0.731592	-0.681743
10	1286	1390	-0.737317	-0.675547
10	1285	1391	-0.742125	-0.670261
10	1284	1392	-0.750163	-0.661253
10	1283	1393	-0.756815	-0.653629
10	1283	1394	-0.766588	-0.642140
10	1282	1395	-0.776215	-0.630468
10	1281	1396	-0.783756	-0.621069
10	1280	1397	-0.793475	-0.608603
10	1279	1398	-0.800405	-0.599459
10	1279	1399	-0.809897	-0.586572
10	1278	1400	-0.817889	-0.575376
10	1277	1401	-0.826568	-0.562836
10	1277	1402	-0.835761	-0.549093
10	1276	1403	-0.843350	-0.537365
10	1275	1404	-0.845730	-0.533610
10	1275	1405	-0.859368	-0.511357
10	1274	1406	-0.869696	-0.493588
10	1274	1407	-0.878493	-0.477754
10	1273	1408	-0.885145	-0.465315
10	1272	1409	-0.889364	-0.457199
10	1272	1410	-0.904300	-0.426896
10	1272	1411	-0.912148	-0.409862
10	1271	1412	-0.916986	-0.398920
10	1271	1413	-0.928087	-0.372364
10	1270	1414	-0.934927	-0.354840
10	1270	1415	-0.943144	-0.332386
10	1270	1416	-0.952989	-0.303006
10	1269	1417	-0.958848	-0.283919
10	1269	1418	-0.968479	-0.249096
10	1269	1419	-0.975200	-0.221327
10	1269	1420	-0.979495	-0.201470
10	1268	1421	-0.983517	-0.180816
10	1268	1422	-0.988926	-0.148413
10	1268	1423	-0.992058	-0.125781
10	1268	1424	-0.995058	-0.099299
10	1268	1425	-0.996504	-0.083546
10	1268	1426	-0.998629	-0.052346
10	1268	1427	-0.999807	-0.019622
10	1268	1428	-1.000000	-0.000000
10	1268	1429	-0.999807	0.019622
10	1268	1430	-0.999232	0.039177
10	1268	1431	-0.997425	0.071715
10	1268	1432	-0.996053	0.088763
10	1268	1433	-0.994658	0.103229
10	1268	1434	-0.993349	0.115141
10	1268	1435	-0.990458	0.137817
10	1269	1436	-0.988161	0.153418
10	1269	1437	-0.985940	0.167101
10	1269	1438	-0.981824	0.189796
10	1269	1439	-0.978216	0.207591
10	1269	1440	-0.972344	0.233553
10	1270	1441	-0.968533	0.248885
10	1270	1442	-0.965447	0.260600
10	1270	1443	-0.960237	0.279187
10	1270	1444	-0.956508	0.291707
10	1271	1445	-0.952903	0.303276
10	1271	1446	-0.950389	0.311063
10	1271	1447	-0.941920	0.335837
10	1272	1448	-0.938230	0.346013
10	1272	1449	-0.931227	0.364439
10	1273	1450	-0.928376	0.371643
10	1273	1451	-0.924030	0.382319
10	1273	1452	-0.917930	0.396742
10	1274	1453	-0.913106	0.407723
10	1274	1454	-0.905298	0.424778
10	1275	1455	-0.899187	0.437564
10	1275	1456	-0.891237	0.453539
10	1276	1457	-0.885194	0.465223
10	1276	1458	-0.876662	0.481107
10	1277	1459	-0.866860	0.498551
10	1277	1460	-0.853362	0.521319
10	1278	1461	-0.846654	0.532144
10	1278	1462	-0.834138	0.551556
10	1279	1463	-0.829762	0.558118
10	1280	1464	-0.820985	0.570950
10	1281	1465	-0.812913	0.582385
10	1281	1466	-0.804185	0.594379
10	1282	1467	-0.801428	0.598091
10	1283	1468	-0.795035	0.606563
10	1284	1469	-0.790142	0.612924
10	1285	1470	-0.782337	0.622855
10	1285	1471	-0.777250	0.629192
10	1286	1472	-0.776700	0.629871
10	1287	1473	-0.778461	0.627692
10	1288	1474	-0.777873	0.628421
10	1289	1475	-0.774945	0.632029
10	1289	1476	-0.775044	0.631907
10	1290	1477	-0.779156	0.626830
10	1291	1478	-0.780929	0.624620
10	1292	1479	-0.785081	0.619393
10	1293	1480	-0.786274	0.617878
10	1294	1481	-0.788815	0.614630
10	1294	1482	-0.798383	0.602150
10	1295	1483	-0.802773	0.596285
10	1296	1484	-0.808703	0.588217
10	1297	1485	-0.810922	0.585154
10	1297	1486	-0.819582	0.572961
10	1298	1487	-0.827135	0.562003
10	1299	1488	-0.835405	0.549635
10	1299	1489	-0.844479	0.535589
10	1300	1490	-0.851541	0.524288
10	1300	1491	-0.856218	0.516615
10	1301	1492	-0.860941	0.508705
10	1302	1493	-0.865552	0.500819
10	1302	1494	-0.869284	0.494312
10	1303	1495	-0.871412	0.490551
10	1303	1496	-0.870658	0.491889
10	1304	1497	-0.869992	0.493067
10	1304	1498	-0.870242	0.492625
10	1305	1499	-0.866791	0.498671
10	1305	1500	-0.862566	0.505945
10	1306	1501	-0.861823	0.507209
10	1306	1502	-0.858533	0.512758
10	1307	1503	-0.855332	0.518080
10	1308	1504	-0.851981	0.523572
10	1308	1505	-0.847763	0.530375
10	1309	1506	-0.842075	0.539361
10	1310	1507	-0.841414	0.540391
10	1310	1508	-0.836618	0.547786
10	1311	1509	-0.834284	0.551334
10	1312	1510	-0.832320	0.554296
10	1312	1511	-0.832320	0.554296
10	1313	1512	-0.829369	0.558702
10	1314	1513	-0.832320	0.554296
10	1314	1514	-0.832320	0.554296
10	1315	1515	-0.829369	0.558702
10	1316	1516	-0.832320	0.554296
10	1316	1517	-0.832320	0.554296
10	1317	1518	-0.829369	0.558702
10	1318	1519	-0.832320	0.554296
10	1318	1520	-0.832320	0.554296
10	1319	1521	-0.834284	0.551334
10	1320	1522	-0.836618	0.547786
10	1320	1523	-0.836419	0.548091
10	1321	1524	-0.837734	0.546079
10	1322	1525	-0.839432	0.543464
10	1322	1526	-0.844042	0.536277
10	1323	1527	-0.844042	0.536277
10	1324	1528	-0.849093	0.528243
10	1324	1529	-0.857783	0.514012
10	1325	1530	-0.859840	0.510564
10	1325	1531	-0.869324	0.494242
10	1326	1532	-0.877886	0.478869
10	1327	1533	-0.883974	0.467535
10	1327	1534	-0.895646	0.444768
10	1328	1535	-0.902034	0.431666
10	1328	1536	-0.912073	0.410029
10	1329	1537	-0.921241	0.388992
10	1329	1538	-0.933697	0.358064
10	1329	1539	-0.943144	0.332386
10	1330	1540	-0.952166	0.305582
10	1330	1541	-0.961893	0.273428
10	1330	1542	-0.972217	0.234081
10	1330	1543	-0.979495	0.201470
10	1331	1544	-0.983517	0.180816
10	1331	1545	-0.988926	0.148413
10	1331	1546	-0.992058	0.125781
10	1331	1547	-0.995058	0.099299
10	1331	1548	-0.996504	0.083546
10	1331	1549	-0.997872	0.065198
10	1331	1550	-0.999020	0.044256
10	1331	1551	-0.999383	0.035137
10	1331	1552	-0.999694	0.024717
10	1331	1553	-0.999915	0.013001
10	1331	1554	-0.999915	-0.013001
10	1331	1555	-0.999694	-0.024717
10	1331	1556	-0.998835	-0.048260
10	1331	1557	-0.996584	-0.082588
10	1331	1558	-0.991934	-0.126753
10	1331	1559	-0.983706	-0.179782
10	1331	1560	-0.970923	-0.239391
10	1331	1561	-0.951844	-0.306582
10	1331	1562	-0.923675	-0.383177
10	1331	1563	-0.881457	-0.472263
10	1330	1564	-0.850651	-0.525731
10	1330	1565	-0.779854	-0.625962
10	1329	1566	-0.734836	-0.678245
10	1328	1567	-0.683592	-0.729864
10	1327	1568	-0.626879	-0.779117
10	1326	1569	-0.572915	-0.819615
10	1325	1569	-0.443109	-0.896468
10	1324	1569	-0.314845	-0.949143
10	1323	1569	-0.197538	-0.980295
10	1322	1569	-0.078858	-0.996886
10	1321	1569	0.042672	-0.999089
10	1320	1569	0.155298	-0.987868
10	1319	1569	0.267167	-0.963650
10	1318	1569	0.367389	-0.930067
10	1317	1568	0.424729	-0.905321
10	1316	1568	0.499176	-0.866501
10	1315	1567	0.534972	-0.844870
10	1314	1566	0.570291	-0.821443
10	1313	1566	0.618246	-0.785985
10	1312	1565	0.646730	-0.762719
10	1311	1564	0.672071	-0.740487
10	1310	1563	0.693505	-0.720451
10	1309	1562	0.715162	-0.698958
10	1309	1561	0.735697	-0.677311
10	1308	1560	0.748532	-0.663098
10	1307	1559	0.764760	-0.644316
10	1306	1558	0.775085	-0.631857
10	1305	1557	0.783252	-0.621704
10	1304	1556	0.793623	-0.608409
10	1304	1555	0.803012	-0.595962
10	1303	1554	0.806199	-0.591644
10	1302	1553	0.810924	-0.585152
10	1302	1552	0.815464	-0.578807
10	1301	1551	0.815464	-0.578807
10	1300	1550	0.817483	-0.575953
10	1300	1549	0.822748	-0.568406
10	1299	1548	0.825337	-0.564641
10	1298	1547	0.824042	-0.566529
10	1298	1546	0.819110	-0.573636
10	1297	1545	0.812989	-0.582279
10	1296	1544	0.808479	-0.588525
10	1296	1543	0.804279	-0.594253
10	1295	1542	0.800903	-0.598794
10	1294	1541	0.799001	-0.601329
10	1293	1540	0.794051	-0.607852
10	1293	1539	0.784458	-0.620182
10	1292	1538	0.786274	-0.617878
10	1291	1537	0.785081	-0.619393
10	1290	1536	0.780929	-0.624620
10	1289	1535	0.779156	-0.626830
10	1288	1534	0.779718	-0.626130
10	1288	1533	0.779504	-0.626397
10	1287	1532	0.781873	-0.623437
10	1286	1531	0.786640	-0.617412
10	1285	1530	0.788447	-0.615102
10	1284	1529	0.791631	-0.610999
10	1284	1528	0.801383	-0.598151
10	1283	1527	0.811084	-0.584930
10	1282	1526	0.817178	-0.576385
10	1281	1525	0.823892	-0.566746
10	1281	1524	0.832513	-0.554005
10	1280	1523	0.838058	-0.545580
10	1279	1522	0.844602	-0.535394
10	1279	1521	0.857798	-0.513987
10	1278	1520	0.862376	-0.506269
10	1278	1519	0.870909	-0.491444
10	1277	1518	0.872380	-0.488828
10	1277	1517	0.876846	-0.480772
10	1276	1516	0.881012	-0.473094
10	1276	1515	0.881012	-0.473094
10	1275	1514	0.881675	-0.471858
10	1275	1513	0.882206	-0.470864
10	1274	1512	0.884192	-0.467125
10	1274	1511	0.880147	-0.474700
10	1273	1510	0.877972	-0.478712
10	1273	1509	0.874437	-0.485140
10	1272	1508	0.873620	-0.486609
10	1271	1507	0.871620	-0.490182
10	1271	1506	0.871117	-0.491076
10	1270	1505	0.865669	-0.500617
10	1270	1504	0.865913	-0.500195
10	1269	1503	0.862490	-0.506074
10	1269	1502	0.863451	-0.504433
10	1268	1501	0.862038	-0.506844
10	1267	1500	0.864789	-0.502136
10	1267	1499	0.864304	-0.502970
10	1266	1498	0.869075	-0.494680
10	1266	1497	0.869324	-0.494242
10	1265	1496	0.870658	-0.491889
10	1264	1495	0.870787	-0.491661
10	1264	1494	0.874080	-0.485782
10	1263	1493	0.875568	-0.483095
10	1263	1492	0.879359	-0.476160
10	1262	1491	0.882206	-0.470864
10	1262	1490	0.881675	-0.471858
10	1261	1489	0.881012	-0.473094
10	1261	1488	0.881012	-0.473094
10	1260	1487	0.876846	-0.480772
10	1260	1486	0.877625	-0.479347
10	1259	1485	0.875462	-0.483288
10	1259	1484	0.866683	-0.498860
10	1258	1483	0.866580	-0.499038
10	1258	1482	0.858533	-0.512758
10	1257	1481	0.855332	-0.518080
10	1256	1480	0.846895	-0.531760
10	1256	1479	0.837395	-0.546598
10	1255	1478	0.833169	-0.553019
10	1254	1477	0.828905	-0.559389
10	1254	1476	0.819455	-0.573143
10	1253	1475	0.814589	-0.580039
10	1252	1474	0.806049	-0.591849
10	1252	1473	0.796481	-0.604664
10	1251	1472	0.789056	-0.614321
10	1250	1471	0.780097	-0.625658
10	1249	1470	0.768936	-0.639326
10	1248	1469	0.755750	-0.654860
10	1248	1468	0.738621	-0.674121
10	1247	1467	0.725024	-0.688724
10	1246	1466	0.710525	-0.703672
10	1245	1465	0.695700	-0.718333
10	1244	1464	0.680935	-0.732344
10	1243	1463	0.661958	-0.749541
10	1242	1462	0.648938	-0.760841
10	1241	1462	0.621687	-0.783266
10	1240	1461	0.604413	-0.796671
10	1239	1460	0.584365	-0.811491
10	1238	1460	0.552485	-0.833523
10	1237	1459	0.528621	-0.848858
10	1236	1458	0.504658	-0.863319
10	1235	1458	0.466538	-0.884501
10	1234	1457	0.438622	-0.898672
10	1233	1457	0.397998	-0.917386
10	1232	1456	0.371466	-0.928446
10	1231	1456	0.332600	-0.943068
10	1230	1455	0.299638	-0.954053
10	1229	1455	0.252176	-0.967681
10	1228	1455	0.212487	-0.977164
10	1227	1455	0.166272	-0.986080
10	1226	1455	0.128768	-0.991675
10	1225	1455	0.100956	-0.994891
10	1224	1455	0.069234	-0.997600
10	1223	1455	0.035320	-0.999376
10	1222	1455	-0.000000	-1.000000
10	1221	1455	-0.022177	-0.999754
10	1220	1455	-0.044256	-0.999020
10	1219	1455	-0.039075	-0.999236
10	1218	1455	-0.033884	-0.999426
10	1217	1455	-0.028685	-0.999588
10	1216	1455	-0.023479	-0.999724
10	1215	1455	-0.018268	-0.999833
10	1214	1455	-0.013051	-0.999915
10	1213	1456	-0.007967	-0.999968
10	1212	1456	-0.002656	-0.999996
10	1211	1456	0.002656	-0.999996
10	1210	1456	0.007967	-0.999968
10	1209	1455	0.013051	-0.999915
10	1208	1455	0.018268	-0.999833
10	1207	1455	0.023479	-0.999724
10	1206	1455	0.028685	-0.999588
10	1205	1455	0.033884	-0.999426
10	1204	1455	0.039075	-0.999236
10	1203	1455	0.044256	-0.999020
10	1202	1455	0.035137	-0.999383
10	1201	1455	0.024717	-0.999694
10	1200	1455	0.013001	-0.999915
10	1199	1455	-0.000000	-1.000000
10	1198	1455	-0.000000	-1.000000
10	1197	1455	-0.000000	-1.000000
10	1196	1455	-0.000000	-1.000000
10	1195	1455	-0.000000	-1.000000
10	1194	1455	-0.000000	-1.000000
10	1193	1455	-0.000000	-1.000000
10	1192	1455	-0.000000	-1.000000
10	1191	1455	-0.000000	-1.000000
10	1190	1455	-0.000000	-1.000000
10	1189	1455	-0.000000	-1.000000
10	1188	1455	-0.000000	-1.000000
10	1187	1455	-0.000000	-1.000000
10	1186	1455	-0.000000	-1.000000
10	1185	1455	-0.000000	-1.000000
10	1184	1455	-0.000000	-1.000000
10	1183	1455	0.013001	-0.999915
10	1182	1455	0.024717	-0.999694
10	1181	1455	0.035137	-0.999383
10	1180	1455	0.057382	-0.998352
10	1179	1455	0.090387	-0.995907
10	1178	1455	0.133188	-0.991091
10	1177	1455	0.183222	-0.983072
10	1176	1455	0.242614	-0.970123
10	1175	1455	0.310515	-0.950568
10	1174	1455	0.386004	-0.922497
10	1173	1454	0.437346	-0.899293
10	1172	1454	0.514924	-0.857236
10	1171	1454	0.600331	-0.799752
10	1170	1453	0.584710	-0.811242
10	1169	1452	0.582492	-0.812837
10	1168	1451	0.592590	-0.805504
10	1168	1450	0.660041	-0.751230
10	1167	1449	0.685632	-0.727948
10	1166	1448	0.706473	-0.707740
10	1166	1447	0.776123	-0.630582
10	1165	1446	0.783485	-0.621411
10	1165	1445	0.844138	-0.536127
10	1165	1444	0.892365	-0.451315
11	1229	1396	-0.758223	-0.651995
11	1229	1397	-0.707566	-0.706647
11	1228	1398	-0.708472	-0.705739
11	1227	1399	-0.709335	-0.704871
11	1226	1400	-0.710111	-0.704090
11	1225	1401	-0.710755	-0.703440
11	1224	1402	-0.711232	-0.702958
11	1223	1403	-0.711529	-0.702657
11	1222	1404	-0.711656	-0.702528
11	1221	1405	-0.711638	-0.702546
11	1220	1406	-0.711512	-0.702674
11	1219	1407	-0.707107	-0.707107
11	1218	1408	-0.707107	-0.707107
11	1217	1409	-0.707107	-0.707107
11	1216	1410	-0.707107	-0.707107
11	1215	1411	-0.711512	-0.702674
11	1214	1412	-0.715528	-0.698584
11	1213	1413	-0.719131	-0.694874
11	1212	1414	-0.722301	-0.691579
11	1211	1415	-0.725018	-0.688730
11	1210	1416	-0.727267	-0.686355
11	1209	1417	-0.729034	-0.684477
11	1208	1418	-0.730309	-0.683117
11	1207	1419	-0.726804	-0.686845
11	1206	1420	-0.723117	-0.690725
11	1206	1421	-0.719579	-0.694411
11	1205	1422	-0.716118	-0.697979
11	1204	1423	-0.712560	-0.701611
11	1203	1424	-0.708935	-0.705274
11	1202	1425	-0.705274	-0.708935
11	1201	1426	-0.701611	-0.712560
11	1200	1427	-0.693303	-0.720646
11	1199	1428	-0.685410	-0.728158
11	1198	1428	-0.676247	-0.736675
11	1197	1429	-0.663124	-0.748509
11	1196	1430	-0.651066	-0.759021
11	1195	1431	-0.645326	-0.763907
11	1194	1432	-0.635989	-0.771698
11	1193	1433	-0.629064	-0.777354
11	1192	1434	-0.619433	-0.785050
11	1191	1435	-0.613198	-0.789930
11	1190	1435	-0.595373	-0.803449
11	1189	1436	-0.582252	-0.813008
11	1188	1437	-0.574725	-0.818346
11	1187	1437	-0.546908	-0.837193
11	1186	1438	-0.523540	-0.852001
11	1185	1439	-0.500197	-0.865912
11	1184	1439	-0.462037	-0.886861
11	1183	1440	-0.442961	-0.896541
11	1182	1440	-0.411525	-0.911399
11	1181	1441	-0.393467	-0.919339
11	1180	1441	-0.364140	-0.931344
11	1179	1441	-0.327021	-0.945017
11	1178	1442	-0.301452	-0.953481
11	1177	1442	-0.281025	-0.959700
11	1176	1442	-0.253434	-0.967353
11	1175	1442	-0.232169	-0.972675
11	1174	1442	-0.221044	-0.975264
11	1173	1443	-0.225850	-0.974162
11	1172	1443	-0.217014	-0.976168
11	1171	1443	-0.194281	-0.980946
11	1170	1443	-0.179441	-0.983769
11	1169	1443	-0.153165	-0.988201
11	1168	1443	-0.115288	-0.993332
11	1167	1444	-0.223359	-0.974736
11	1166	1444	-0.205862	-0.978581
11	1165	1444	-0.181758	-0.983343
12	1018	1420	0.762215	0.647324
12	1019	1419	0.784368	0.620296
12	1020	1418	0.803336	0.595525
12	1021	1417	0.826720	0.562614
12	1022	1416	0.842433	0.538801
12	1023	1415	0.849079	0.528266
12	1023	1414	0.833300	0.552821
12	1024	1413	0.839953	0.542659
12	1025	1412	0.843911	0.536484
12	1025	1411	0.840276	0.542160
12	1026	1410	0.842441	0.538789
12	1026	1409	0.852205	0.523208
12	1027	1408	0.856667	0.515870
12	1027	1407	0.862301	0.506396
12	1028	1406	0.864971	0.501822
12	1029	1405	0.867072	0.498183
12	1029	1404	0.866336	0.499462
12	1030	1403	0.870450	0.492257
12	1030	1402	0.870450	0.492257
12	1031	1401	0.871117	0.491076
12	1031	1400	0.871620	0.490182
12	1032	1399	0.873620	0.486609
12	1033	1398	0.874437	0.485140
12	1033	1397	0.877972	0.478712
12	1034	1396	0.884605	0.466342
12	1034	1395	0.888374	0.459121
12	1035	1394	0.890214	0.455543
12	1035	1393	0.898437	0.439103
12	1036	1392	0.899681	0.436548
12	1036	1391	0.907562	0.419919
12	1037	1390	0.912370	0.409366
12	1037	1389	0.919496	0.393098
12	1038	1388	0.923118	0.384517
12	1038	1387	0.928534	0.371246
12	1038	1386	0.936197	0.351475
12	1039	1385	0.941007	0.338388
12	1039	1384	0.946554	0.322546
12	1039	1383	0.950015	0.312205
12	1040	1382	0.955144	0.296141
12	1040	1381	0.959758	0.280828
12	1040	1380	0.965799	0.259290
12	1041	1379	0.968871	0.247568
12	1041	1378	0.971832	0.235676
12	1041	1377	0.972931	0.231097
12	1041	1376	0.975248	0.221113
12	1041	1375	0.975987	0.217830
12	1042	1374	0.975259	0.221065
12	1042	1373	0.976288	0.216474
12	1042	1372	0.975799	0.218668
12	1042	1371	0.973755	0.227597
12	1042	1370	0.969842	0.243736
12	1042	1369	0.963800	0.266626
12	1043	1368	0.954281	0.298910
12	1043	1367	0.939549	0.342415
12	1043	1366	0.919888	0.392181
12	1044	1365	0.899359	0.437212
12	1044	1364	0.870710	0.491797
12	1044	1363	0.820515	0.571626
12	1045	1362	0.780285	0.625424
12	1045	1361	0.675910	0.736984
12	1046	1360	0.612973	0.790104
12	1047	1359	0.548814	0.835945
12	1048	1359	-0.304731	0.952438
12	1049	1359	-0.412531	0.910943
12	1050	1360	-0.374946	0.927047
12	1051	1360	-0.482816	0.875722
12	1052	1361	-0.500096	0.865970
12	1053	1361	-0.579608	0.814896
12	1054	1362	-0.612776	0.790256
12	1055	1363	-0.648078	0.761574
12	1056	1364	-0.684742	0.728786
12	1057	1365	-0.717637	0.696418
12	1058	1366	-0.741391	0.671073
12	1059	1367	-0.763411	0.645913
12	1059	1368	-0.789834	0.613321
12	1060	1369	-0.809205	0.587527
12	1061	1370	-0.821678	0.569952
12	1061	1371	-0.843107	0.537746
12	1062	1372	-0.851775	0.523908
12	1062	1373	-0.865701	0.500562
12	1063	1374	-0.872380	0.488828
12	1063	1375	-0.881675	0.471858
12	1064	1376	-0.885194	0.465223
12	1064	1377	-0.889770	0.456409
12	1065	1378	-0.893587	0.448890
12	1065	1379	-0.898153	0.439682
12	1066	1380	-0.901984	0.431769
12	1066	1381	-0.901411	0.432965
12	1067	1382	-0.904601	0.426260
12	1067	1383	-0.908196	0.418544
12	1068	1384	-0.910127	0.414330
12	1068	1385	-0.908659	0.417539
12	1069	1386	-0.909957	0.414702
12	1069	1387	-0.912645	0.408752
12	1069	1388	-0.913533	0.406765
12	1070	1389	-0.914781	0.403950
12	1070	1390	-0.915078	0.403277
12	1071	1391	-0.910633	0.413216
12	1071	1392	-0.910633	0.413216
12	1071	1393	-0.903945	0.427648
12	1072	1394	-0.900406	0.435051
12	1073	1395	-0.895268	0.445527
12	1073	1396	-0.890129	0.455709
12	1073	1397	-0.877917	0.478812
12	1074	1398	-0.875310	0.483562
12	1074	1399	-0.867999	0.496565
12	1075	1400	-0.861655	0.507494
12	1076	1401	-0.854436	0.519556
12	1076	1402	-0.840441	0.541903
12	1077	1403	-0.831394	0.555684
12	1078	1404	-0.823104	0.567890
12	1078	1405	-0.808519	0.588470
12	1079	1406	-0.801571	0.597899
12	1080	1407	-0.795167	0.606390
12	1080	1408	-0.786129	0.618063
12	1081	1409	-0.780747	0.624847
12	1082	1410	-0.777354	0.629064
12	1083	1411	-0.767865	0.640612
12	1084	1412	-0.756324	0.654197
12	1085	1413	-0.747943	0.663763
12	1086	1414	-0.738233	0.674546
12	1087	1415	-0.727356	0.686260
12	1087	1416	-0.720014	0.693959
12	1088	1417	-0.713801	0.700349
12	1089	1418	-0.707107	0.707107
12	1090	1419	-0.700349	0.713801
12	1091	1420	-0.693959	0.720014
12	1092	1420	-0.681128	0.732164
12	1093	1421	-0.669729	0.742606
12	1094	1422	-0.654087	0.756419
12	1095	1423	-0.639939	0.768426
12	1096	1424	-0.622333	0.782752
12	1097	1425	-0.602103	0.798418
12	1098	1426	-0.590283	0.807196
12	1099	1427	-0.577593	0.816325
12	1100	1427	-0.546185	0.837665
12	1101	1428	-0.528337	0.849035
12	1102	1428	-0.494207	0.869344
12	1103	1429	-0.468877	0.883264
12	1104	1429	-0.427678	0.903931
12	1105	1430	-0.398625	0.917114
12	1106	1430	-0.356010	0.934482
12	1107	1430	-0.317572	0.948234
12	1108	1431	-0.289784	0.957092
12	1109	1431	-0.246314	0.969190
12	1110	1431	-0.210110	0.977678
12	1111	1431	-0.167991	0.985788
12	1112	1431	-0.134647	0.990894
12	1113	1432	-0.099848	0.995003
12	1114	1432	-0.058206	0.998305
12	1115	1432	-0.014860	0.999890
12	1116	1432	0.014860	0.999890
12	1117	1432	0.058206	0.998305
12	1118	1432	0.099848	0.995003
12	1119	1431	0.134647	0.990894
12	1120	1431	0.167991	0.985788
12	1121	1431	0.210110	0.977678
12	1122	1431	0.246314	0.969190
12	1123	1431	0.289784	0.957092
12	1124	1430	0.317572	0.948234
12	1125	1430	0.356010	0.934482
12	1126	1430	0.362369	0.932035
12	1127	1429	0.371010	0.928629
12	1128	1429	0.364319	0.931274
12	1129	1428	0.389742	0.920924
12	1130	1428	0.380744	0.924680
12	1131	1427	0.434850	0.900503
12	1132	1427	0.407413	0.913244
12	1133	1426	0.459890	0.887976
12	1134	1425	0.507209	0.861823
12	1135	1424	0.560078	0.828440
13	1018	1420	-0.944470	-0.328599
13	1018	1421	-0.908513	-0.417857
13	1017	1422	-0.948683	-0.316228
13	1017	1423	-0.936103	-0.351727
13	1017	1424	-0.966500	-0.256668
13	1016	1425	-0.915348	-0.402663
14	1135	1424	0.883264	-0.468877
14	1135	1423	0.853311	-0.521403
14	1134	1422	0.881936	-0.471369
14	1133	1421	0.901096	-0.433621
14	1133	1420	0.882166	-0.470938
14	1132	1419	0.896716	-0.442606
14	1132	1418	0.884033	-0.467424
14	1131	1417	0.892510	-0.451028
14	1131	1416	0.886877	-0.462005
14	1130	1415	0.889388	-0.457153
14	1130	1414	0.889770	-0.456409
14	1129	1413	0.893587	-0.448890
14	1129	1412	0.898153	-0.439682
14	1128	1411	0.901984	-0.431769
14	1128	1410	0.905879	-0.423536
14	1127	1409	0.908440	-0.418016
14	1127	1408	0.911724	-0.410804
14	1126	1407	0.917169	-0.398499
14	1126	1406	0.923578	-0.383411
14	1125	1405	0.926619	-0.376001
14	1125	1404	0.931671	-0.363303
14	1125	1403	0.938962	-0.344021
14	1124	1402	0.943203	-0.332217
14	1124	1401	0.951895	-0.306424
14	1124	1400	0.958050	-0.286600
14	1123	1399	0.961587	-0.274499
14	1123	1398	0.965126	-0.261786
14	1123	1397	0.970072	-0.242816
14	1123	1396	0.972995	-0.230827
14	1122	1395	0.976625	-0.214952
14	1122	1394	0.979211	-0.202844
14	1122	1393	0.982528	-0.186117
14	1122	1392	0.986371	-0.164534
14	1122	1391	0.988376	-0.152028
14	1122	1390	0.990745	-0.135739
14	1121	1389	0.993185	-0.116546
14	1121	1388	0.995638	-0.093302
14	1121	1387	0.997653	-0.068479
14	1121	1386	0.999111	-0.042159
14	1121	1385	0.999895	-0.014469
14	1121	1384	1.000000	0.000000
14	1121	1383	0.999895	0.014469
14	1121	1382	0.999582	0.028911
14	1121	1381	0.999062	0.043299
14	1121	1380	0.998339	0.057606
14	1121	1379	0.997419	0.071807
14	1122	1378	0.997419	0.071807
14	1122	1377	0.997517	0.070430
14	1122	1376	0.996741	0.080674
14	1122	1375	0.996093	0.088307
14	1122	1374	0.995631	0.093371
14	1122	1373	0.995392	0.095894
14	1122	1372	0.995392	0.095894
14	1122	1371	0.995631	0.093371
14	1122	1370	0.996093	0.088307
14	1122	1369	0.996741	0.080674
14	1122	1368	0.997517	0.070430
14	1122	1367	0.996387	0.084933
14	1123	1366	0.995356	0.096263
14	1123	1365	0.994464	0.105082
14	1123	1364	0.993783	0.111336
14	1123	1363	0.991789	0.127887
14	1123	1362	0.990065	0.140612
14	1123	1361	0.988743	0.149623
14	1123	1360	0.987914	0.155002
14	1123	1359	0.985489	0.169741
14	1123	1358	0.983712	0.179753
14	1124	1357	0.983516	0.180821
14	1124	1356	0.981333	0.192318
14	1124	1355	0.977444	0.211194
14	1124	1354	0.974265	0.225406
14	1125	1353	0.969739	0.244145
14	1125	1352	0.966150	0.257979
14	1125	1351	0.960417	0.278567
14	1125	1350	0.956120	0.292974
14	1126	1349	0.951518	0.307593
14	1126	1348	0.948386	0.317119
14	1126	1347	0.947293	0.320370
14	1127	1346	0.942546	0.334076
14	1127	1345	0.939264	0.343196
14	1127	1344	0.933804	0.357786
14	1128	1343	0.933847	0.357672
14	1128	1342	0.926741	0.375702
14	1129	1341	0.919496	0.393098
14	1129	1340	0.915375	0.402602
14	1130	1339	0.910927	0.412567
14	1130	1338	0.906170	0.422914
14	1130	1337	0.899133	0.437675
14	1131	1336	0.894987	0.446091
14	1131	1335	0.882547	0.470224
14	1132	1334	0.873974	0.485973
14	1132	1333	0.860922	0.508737
14	1133	1332	0.849755	0.527178
14	1134	1331	0.835692	0.549199
14	1134	1330	0.813471	0.581606
14	1135	1329	0.798537	0.601946
14	1135	1328	0.768012	0.640436
14	1136	1327	0.750338	0.661054
14	1137	1326	0.730901	0.682484
14	1138	1325	0.705820	0.708391
14	1139	1324	0.684322	0.729180
14	1140	1323	0.658424	0.752647
14	1141	1322	0.633624	0.773641
14	1142	1322	0.588074	0.808807
14	1143	1321	0.552844	0.833285
14	1144	1320	0.520924	0.853603
14	1145	1320	0.464915	0.885355
14	1146	1319	0.430275	0.902698
14	1147	1319	0.372224	0.928143
14	1148	1319	0.317033	0.948415
14	1149	1318	0.267150	0.963655
14	1150	1318	0.204561	0.978854
14	1151	1318	0.149958	0.988692
14	1152	1318	0.092335	0.995728
14	1153	1318	0.031078	0.999517
14	1154	1318	-0.031078	0.999517
14	1155	1318	-0.078291	0.996931
14	1156	1318	-0.137251	0.990536
14	1157	1318	-0.178958	0.983857
14	1158	1318	-0.230038	0.973182
14	1159	1319	-0.274743	0.961518
14	1160	1319	-0.309668	0.950845
14	1161	1319	-0.350465	0.936576
14	1162	1320	-0.380089	0.924950
14	1163	1320	-0.422747	0.906248
14	1164	1321	-0.453399	0.891307
14	1165	1321	-0.496958	0.867775
14	1166	1322	-0.527262	0.849703
14	1167	1322	-0.566635	0.823969
14	1168	1323	-0.589247	0.807953
14	1169	1324	-0.614142	0.789195
14	1170	1324	-0.651674	0.758499
14	1171	1325	-0.671479	0.741023
14	1172	1326	-0.692039	0.721860
14	1173	1327	-0.712500	0.701672
14	1174	1328	-0.732258	0.681027
14	1174	1329	-0.757655	0.652655
14	1175	1330	-0.776607	0.629986
14	1176	1331	-0.792709	0.609600
14	1177	1332	-0.806752	0.590890
14	1177	1333	-0.828644	0.559776
14	1178	1334	-0.841984	0.539502
14	1179	1335	-0.852239	0.523153
14	1179	1336	-0.869445	0.494031
14	1180	1337	-0.880727	0.473624
14	1180	1338	-0.896595	0.442852
14	1181	1339	-0.906248	0.422747
14	1181	1340	-0.921127	0.389262
14	1182	1341	-0.929754	0.368183
14	1182	1342	-0.941545	0.336887
14	1182	1343	-0.950360	0.311153
14	1183	1344	-0.958665	0.284537
14	1183	1345	-0.967558	0.252649
14	1183	1346	-0.973632	0.228123
14	1183	1347	-0.980285	0.197586
14	1183	1348	-0.984569	0.174995
14	1183	1349	-0.989105	0.147210
14	1184	1350	-0.991534	0.129850
14	1184	1351	-0.994378	0.105893
14	1184	1352	-0.995694	0.092700
14	1184	1353	-0.997036	0.076941
14	1184	1354	-0.998282	0.058597
14	1184	1355	-0.998643	0.052075
14	1184	1356	-0.999020	0.044256
14	1184	1357	-0.999383	0.035137
14	1184	1358	-0.999694	0.024717
14	1184	1359	-0.999915	0.013001
14	1184	1360	-1.000000	-0.000000
14	1184	1361	-1.000000	-0.000000
14	1184	1362	-1.000000	-0.000000
14	1184	1363	-1.000000	-0.000000
14	1184	1364	-1.000000	-0.000000
14	1184	1365	-0.999915	-0.013001
14	1184	1366	-0.999694	-0.024717
14	1184	1367	-0.999383	-0.035137
14	1184	1368	-0.999020	-0.044256
14	1184	1369	-0.998643	-0.052075
14	1184	1370	-0.997425	-0.071715
14	1184	1371	-0.996053	-0.088763
14	1184	1372	-0.994658	-0.103229
14	1184	1373	-0.993349	-0.115141
14	1184	1374	-0.990458	-0.137817
14	1183	1375	-0.988161	-0.153418
14	1183	1376	-0.985940	-0.167101
14	1183	1377	-0.981824	-0.189796
14	1183	1378	-0.978216	-0.207591
14	1183	1379	-0.975330	-0.220753
14	1182	1380	-0.971255	-0.238041
14	1182	1381	-0.967998	-0.250956
14	1182	1382	-0.965994	-0.258566
14	1182	1383	-0.961939	-0.273264
14	1181	1384	-0.960967	-0.276663
14	1181	1385	-0.957763	-0.287558
14	1181	1386	-0.952780	-0.303661
14	1180	1387	-0.947081	-0.320994
14	1180	1388	-0.943268	-0.332032
14	1180	1389	-0.937319	-0.348472
14	1179	1390	-0.931950	-0.362588
14	1179	1391	-0.924484	-0.381221
14	1179	1392	-0.914469	-0.404656
14	1178	1393	-0.907337	-0.420404
14	1178	1394	-0.895568	-0.444925
14	1177	1395	-0.883346	-0.468722
14	1177	1396	-0.865812	-0.500370
14	1176	1397	-0.854485	-0.519476
14	1176	1398	-0.831931	-0.554879
14	1175	1399	-0.819002	-0.573791
14	1174	1400	-0.806691	-0.590973
14	1174	1401	-0.783619	-0.621242
14	1173	1402	-0.772305	-0.635252
14	1172	1403	-0.758927	-0.651176
14	1171	1404	-0.743801	-0.668401
14	1170	1405	-0.731497	-0.681845
14	1169	1406	-0.713963	-0.700183
14	1168	1407	-0.700183	-0.713963
14	1167	1408	-0.681845	-0.731497
14	1166	1409	-0.668401	-0.743801
14	1165	1410	-0.651176	-0.758927
14	1164	1411	-0.635252	-0.772305
14	1163	1412	-0.621242	-0.783619
14	1162	1412	-0.596605	-0.802535
14	1161	1413	-0.579047	-0.815294
14	1160	1414	-0.559707	-0.828691
14	1159	1414	-0.531464	-0.847081
14	1158	1415	-0.511104	-0.859519
14	1157	1415	-0.487631	-0.873050
14	1156	1416	-0.469473	-0.882947
14	1155	1416	-0.453133	-0.891443
14	1154	1417	-0.440972	-0.897521
14	1153	1417	-0.424527	-0.905415
14	1152	1418	-0.423156	-0.906057
14	1151	1418	-0.406691	-0.913566
14	1150	1418	-0.404688	-0.914455
14	1149	1419	-0.411826	-0.911262
14	1148	1419	-0.410519	-0.911852
14	1147	1420	-0.418915	-0.908025
14	1146	1420	-0.413749	-0.910391
14	1145	1421	-0.427387	-0.904069
14	1144	1421	-0.411582	-0.911373
14	1143	1421	-0.393834	-0.919182
14	1142	1422	-0.418691	-0.908129
14	1141	1422	-0.392089	-0.919927
14	1140	1423	-0.436623	-0.899644
14	1139	1424	-0.481276	-0.876569
14	1138	1424	-0.440835	-0.897588
14	1137	1425	-0.488993	-0.872288
15	1135	1424	-0.525731	0.850651
15	1136	1425	-0.525731	0.850651
15	1137	1425	-0.382683	0.923880
16	1137	1425	-0.758223	0.651995
16	1137	1426	-0.698572	0.715539
16	1138	1427	-0.691133	0.722728
16	1139	1428	-0.684759	0.728769
16	1140	1429	-0.679933	0.733274
16	1141	1430	-0.668142	0.744033
16	1142	1431	-0.660211	0.751080
16	1143	1432	-0.648952	0.760829
16	1144	1433	-0.643905	0.765106
16	1145	1434	-0.638548	0.769582
16	1146	1435	-0.639439	0.768841
16	1147	1435	-0.611164	0.791504
16	1148	1436	-0.591512	0.806296
16	1149	1437	-0.575315	0.817932
16	1150	1438	-0.557552	0.830142
16	1151	1438	-0.522805	0.852452
16	1152	1439	-0.498187	0.867070
16	1153	1439	-0.459306	0.888278
16	1154	1440	-0.457645	0.889135
16	1155	1440	-0.434664	0.900593
16	1156	1441	-0.450851	0.892599
16	1157	1441	-0.423546	0.905875
16	1158	1441	-0.372339	0.928097
16	1159	1442	-0.404616	0.914486
16	1160	1442	-0.358111	0.933679
16	1161	1442	-0.315567	0.948903
16	1162	1442	-0.256668	0.966500
16	1163	1442	-0.209577	0.977792
17	1163	1442	-0.707107	0.707107
17	1164	1443	-0.707107	0.707107
17	1165	1444	-0.707107	0.707107
18	602	1457	0.844042	0.536277
18	603	1456	0.874030	0.485872
18	604	1455	0.896271	0.443506
18	604	1454	0.875928	0.482441
18	605	1453	0.894774	0.446520
18	605	1452	0.879586	0.475739
18	606	1451	0.892765	0.450522
18	606	1450	0.884304	0.466912
18	607	1449	0.896749	0.442540
18	608	1448	0.896494	0.443055
18	608	1447	0.897604	0.440802
18	608	1446	0.906634	0.421918
18	609	1445	0.913963	0.405798
18	609	1444	0.917211	0.398401
18	610	1443	0.922664	0.385605
18	610	1442	0.928981	0.370127
18	611	1441	0.935814	0.352494
18	611	1440	0.940347	0.340216
18	611	1439	0.947081	0.320994
18	612	1438	0.950738	0.309995
18	612	1437	0.954660	0.297699
18	612	1436	0.960133	0.279543
18	612	1435	0.963826	0.266533
18	613	1434	0.965677	0.259747
18	613	1433	0.970072	0.242816
18	613	1432	0.972485	0.232967
18	613	1431	0.976044	0.217572
18	614	1430	0.977576	0.210583
18	614	1429	0.982836	0.184481
18	614	1428	0.988042	0.154185
18	614	1427	0.992565	0.121714
18	614	1426	0.996209	0.086998
18	615	1425	0.998640	0.052128
18	615	1424	0.999999	-0.001377
18	615	1423	0.999195	-0.040125
18	615	1422	0.995768	-0.091905
18	615	1421	0.990070	-0.140576
18	615	1420	0.979793	-0.200015
18	614	1419	0.973965	-0.226697
18	614	1418	0.962379	-0.271709
18	613	1417	0.949999	-0.312253
18	613	1416	0.932104	-0.362192
18	613	1415	0.910070	-0.414455
18	612	1414	0.893455	-0.449153
18	612	1413	0.869746	-0.493499
18	611	1412	0.849152	-0.528149
18	611	1411	0.820216	-0.572054
18	610	1410	0.797819	-0.602897
18	610	1409	0.758938	-0.651163
18	609	1408	0.728632	-0.684906
18	608	1407	0.695738	-0.718296
18	607	1406	0.657195	-0.753720
18	606	1405	0.619218	-0.785219
18	605	1405	0.550628	-0.834751
18	604	1404	0.499377	-0.866385
18	603	1404	0.417660	-0.908603
18	602	1403	0.363249	-0.931692
18	601	1403	0.269644	-0.962960
18	600	1403	0.171336	-0.985213
18	599	1403	0.064491	-0.997918
18	598	1403	-0.045580	-0.998961
18	597	1403	-0.153852	-0.988094
18	596	1403	-0.255994	-0.966678
18	595	1403	-0.349937	-0.936773
18	594	1404	-0.412241	-0.911075
18	593	1404	-0.492793	-0.870147
18	592	1404	-0.576602	-0.817025
18	591	1405	-0.617064	-0.786913
18	590	1406	-0.656670	-0.754178
18	589	1407	-0.696660	-0.717402
18	588	1408	-0.734902	-0.678174
18	587	1409	-0.769646	-0.638471
18	586	1410	-0.799661	-0.600452
18	586	1411	-0.846539	-0.532326
18	585	1412	-0.869995	-0.493060
18	585	1413	-0.909308	-0.416123
18	585	1414	-0.939357	-0.342940
18	585	1415	-0.962042	-0.272903
18	584	1416	-0.976229	-0.216744
18	584	1417	-0.988524	-0.151064
18	584	1418	-0.996630	-0.082034
18	584	1419	-0.999701	-0.024435
18	584	1420	-0.999795	0.020230
18	584	1421	-0.998695	0.051081
18	584	1422	-0.995463	0.095152
18	585	1423	-0.992792	0.119848
18	585	1424	-0.989587	0.143936
18	585	1425	-0.984033	0.177986
18	585	1426	-0.978216	0.207591
18	585	1427	-0.972344	0.233553
18	586	1428	-0.968533	0.248885
18	586	1429	-0.965447	0.260600
18	586	1430	-0.960237	0.279187
18	586	1431	-0.956508	0.291707
18	587	1432	-0.952903	0.303276
18	587	1433	-0.950389	0.311063
18	587	1434	-0.941920	0.335837
18	588	1435	-0.938230	0.346013
18	588	1436	-0.931227	0.364439
18	589	1437	-0.928376	0.371643
18	589	1438	-0.924030	0.382319
18	589	1439	-0.913134	0.407659
18	590	1440	-0.908952	0.416902
18	590	1441	-0.901375	0.433039
18	591	1442	-0.895921	0.444213
18	591	1443	-0.888229	0.459400
18	592	1444	-0.882869	0.469620
18	592	1445	-0.874591	0.484862
18	593	1446	-0.865488	0.500929
18	593	1447	-0.852232	0.523164
18	594	1448	-0.837942	0.545760
18	595	1449	-0.833831	0.552019
18	595	1450	-0.836592	0.547826
18	596	1451	-0.830187	0.557485
18	597	1452	-0.820853	0.571139
18	597	1453	-0.835557	0.549404
18	598	1454	-0.826301	0.563228
18	599	1455	-0.808455	0.588558
18	600	1456	-0.793791	0.608191
18	601	1457	-0.774703	0.632326
18	602	1457	-0.711544	0.702642
