8
1	1489	858	-0.966344	-0.257252
1	1489	859	-0.955360	-0.295446
1	1489	860	-0.938481	-0.345332
1	1489	861	-0.924753	-0.380567
1	1488	862	-0.951281	-0.308326
1	1488	863	-0.945408	-0.325890
1	1488	864	-0.937393	-0.348274
1	1487	865	-0.952080	-0.305849
1	1487	866	-0.950421	-0.310966
1	1486	867	-0.956088	-0.293080
1	1486	868	-0.957380	-0.288831
1	1486	869	-0.959849	-0.280517
1	1485	870	-0.962551	-0.271102
1	1485	871	-0.968479	-0.249096
1	1485	872	-0.972480	-0.232985
1	1485	873	-0.974571	-0.224078
1	1484	874	-0.979544	-0.201231
1	1484	875	-0.985956	-0.167005
1	1484	876	-0.989836	-0.142214
1	1484	877	-0.993544	-0.113446
1	1484	878	-0.995454	-0.095242
1	1484	879	-0.997230	-0.074376
1	1484	880	-0.998706	-0.050849
1	1484	881	-0.999234	-0.039126
1	1483	882	-0.999909	-0.013473
1	1483	883	-0.999909	0.013473
1	1484	884	-0.999234	0.039126
1	1484	885	-0.998706	0.050849
1	1484	886	-0.997230	0.074376
1	1484	887	-0.995454	0.095242
1	1484	888	-0.993544	0.113446
1	1484	889	-0.989836	0.142214
1	1484	890	-0.985956	0.167005
1	1484	891	-0.982181	0.187939
1	1485	892	-0.977072	0.212909
1	1485	893	-0.974821	0.222989
1	1485	894	-0.970706	0.240269
1	1485	895	-0.964669	0.263465
1	1486	896	-0.958050	0.286600
1	1486	897	-0.951895	0.306424
1	1486	898	-0.943203	0.332217
1	1487	899	-0.938962	0.344021
1	1487	900	-0.931671	0.363303
1	1487	901	-0.926619	0.376001
1	1488	902	-0.923578	0.383411
1	1488	903	-0.912370	0.409366
1	1489	904	-0.907562	0.419919
1	1489	905	-0.899681	0.436548
1	1490	906	-0.898437	0.439103
1	1490	907	-0.890214	0.455543
1	1491	908	-0.883531	0.468373
1	1491	909	-0.874746	0.484582
1	1492	910	-0.869533	0.493874
1	1492	911	-0.861246	0.508188
1	1493	912	-0.857348	0.514738
1	1494	913	-0.848216	0.529650
1	1494	914	-0.835692	0.549199
1	1495	915	-0.822359	0.568968
1	1495	916	-0.805263	0.592918
1	1496	917	-0.791989	0.610535
1	1497	918	-0.780284	0.625425
1	1498	919	-0.762081	0.647481
1	1498	920	-0.740976	0.671531
1	1499	921	-0.726053	0.687639
1	1500	922	-0.710218	0.703982
1	1501	923	-0.693968	0.720006
1	1502	923	-0.672380	0.740206
1	1503	924	-0.654060	0.756443
1	1504	925	-0.637146	0.770743
1	1505	926	-0.621202	0.783651
1	1506	927	-0.608184	0.793796
1	1507	927	-0.584597	0.811324
1	1508	928	-0.569425	0.822043
1	1509	929	-0.557485	0.830187
1	1510	929	-0.543780	0.839228
1	1511	930	-0.532845	0.846213
1	1512	931	-0.530062	0.847959
1	1513	931	-0.507938	0.861394
1	1514	932	-0.498860	0.866683
1	1515	932	-0.483288	0.875462
1	1516	933	-0.471111	0.882074
1	1517	933	-0.463963	0.885854
1	1518	934	-0.449638	0.893211
1	1519	934	-0.441580	0.897222
1	1520	935	-0.436389	0.899758
1	1521	935	-0.418544	0.908196
1	1522	936	-0.414330	0.910127
1	1523	936	-0.407723	0.913106
1	1524	937	-0.396742	0.917930
1	1525	937	-0.392031	0.919952
1	1526	937	-0.380863	0.924632
1	1527	938	-0.372364	0.928087
1	1528	938	-0.363784	0.931483
1	1529	939	-0.360955	0.932583
1	1530	939	-0.344844	0.938660
1	1531	939	-0.344844	0.938660
1	1532	940	-0.337146	0.941452
1	1533	940	-0.330494	0.943808
1	1534	940	-0.317673	0.948200
1	1535	941	-0.320787	0.947151
1	1536	941	-0.314000	0.949423
1	1537	941	-0.300778	0.953694
1	1538	942	-0.303929	0.952695
1	1539	942	-0.297021	0.954871
1	1540	942	-0.296087	0.955161
1	1541	943	-0.300825	0.953679
1	1542	943	-0.294829	0.955550
1	1543	943	-0.294829	0.955550
1	1544	943	-0.300825	0.953679
1	1545	944	-0.296087	0.955161
1	1546	944	-0.297021	0.954871
1	1547	944	-0.292320	0.956321
1	1548	945	-0.290735	0.956804
1	1549	945	-0.293570	0.955938
1	1550	945	-0.290735	0.956804
1	1551	946	-0.281139	0.959667
1	1552	946	-0.275683	0.961249
1	1553	946	-0.265230	0.964185
1	1554	947	-0.252064	0.967711
1	1555	947	-0.227585	0.973758
1	1556	947	-0.211194	0.977444
1	1557	947	-0.190027	0.981779
1	1558	948	-0.167272	0.985911
1	1559	948	-0.148413	0.988926
1	1560	948	-0.125781	0.992058
1	1561	948	-0.099299	0.995058
1	1562	948	-0.083546	0.996504
1	1563	948	-0.065198	0.997872
1	1564	948	-0.044256	0.999020
1	1565	948	-0.035137	0.999383
1	1566	948	-0.024717	0.999694
1	1567	948	-0.013001	0.999915
1	1568	948	0.013001	0.999915
1	1569	948	0.024717	0.999694
1	1570	948	0.035137	0.999383
1	1571	948	0.044256	0.999020
1	1572	948	0.052075	0.998643
1	1573	948	0.058597	0.998282
1	1574	948	0.063827	0.997961
1	1575	948	0.067770	0.997701
1	1576	948	0.070430	0.997517
1	1577	948	0.084933	0.996387
1	1578	947	0.096263	0.995356
1	1579	947	0.105082	0.994464
1	1580	947	0.111336	0.993783
1	1581	947	0.127887	0.991789
1	1582	947	0.140612	0.990065
1	1583	947	0.149623	0.988743
1	1584	947	0.155002	0.987914
1	1585	947	0.169741	0.985489
1	1586	947	0.179753	0.983712
1	1587	946	0.180821	0.983516
1	1588	946	0.179660	0.983729
1	1589	946	0.199855	0.979826
1	1590	946	0.215292	0.976550
1	1591	945	0.223815	0.974632
1	1592	945	0.240154	0.970735
1	1593	945	0.250956	0.967998
1	1594	945	0.268741	0.963213
1	1595	944	0.276971	0.960878
1	1596	944	0.278924	0.960313
1	1597	944	0.286915	0.957956
1	1598	944	0.312493	0.949920
1	1599	943	0.335109	0.942179
1	1600	943	0.367290	0.930106
1	1601	943	0.404003	0.914757
1	1602	942	0.442335	0.896850
1	1603	942	0.490994	0.871163
1	1604	941	0.529839	0.848098
1	1605	941	0.581770	0.813354
1	1606	941	0.650112	0.759838
1	1607	940	0.684881	0.728655
1	1608	939	0.719447	0.694547
1	1609	938	0.751721	0.659482
1	1609	937	0.806615	0.591077
1	1610	936	0.837197	0.546901
1	1610	935	0.872463	0.488681
1	1611	934	0.893049	0.449959
1	1611	933	0.918934	0.394411
1	1611	932	0.938742	0.344621
1	1611	931	0.953664	0.300873
1	1612	930	0.963687	0.267036
1	1612	929	0.973057	0.230567
1	1612	928	0.979545	0.201227
1	1612	927	0.983689	0.179880
1	1612	926	0.988161	0.153418
1	1613	925	0.990458	0.137817
1	1613	924	0.993349	0.115141
1	1613	923	0.994658	0.103229
1	1613	922	0.996053	0.088763
1	1613	921	0.997425	0.071715
1	1613	920	0.998643	0.052075
1	1613	919	0.999020	0.044256
1	1613	918	0.999383	0.035137
1	1613	917	0.999694	0.024717
1	1613	916	0.999915	0.013001
1	1613	915	1.000000	0.000000
1	1613	914	1.000000	0.000000
1	1613	913	1.000000	0.000000
1	1613	912	0.999915	-0.013001
1	1613	911	0.999694	-0.024717
1	1613	910	0.999383	-0.035137
1	1613	909	0.998352	-0.057382
1	1613	908	0.995907	-0.090387
1	1613	907	0.992832	-0.119515
1	1613	906	0.987383	-0.158352
1	1613	905	0.981405	-0.191950
1	1613	904	0.972175	-0.234256
1	1613	903	0.958730	-0.284318
1	1612	902	0.951148	-0.308735
1	1612	901	0.936260	-0.351307
1	1612	900	0.922442	-0.386137
1	1611	899	0.913937	-0.405855
1	1610	898	0.901664	-0.432437
1	1610	897	0.884774	-0.466021
1	1609	896	0.876031	-0.482255
1	1609	895	0.863317	-0.504661
1	1608	894	0.854436	-0.519556
1	1607	893	0.849765	-0.527162
1	1607	892	0.845118	-0.534580
1	1606	891	0.838163	-0.545419
1	1606	890	0.829147	-0.559030
1	1605	889	0.826066	-0.563574
1	1604	888	0.824455	-0.565927
1	1603	887	0.818361	-0.574704
1	1603	886	0.813475	-0.581600
1	1602	885	0.807457	-0.589926
1	1601	884	0.803012	-0.595962
1	1601	883	0.793362	-0.608750
1	1600	882	0.785430	-0.618951
1	1599	881	0.779611	-0.626264
1	1598	880	0.771604	-0.636103
1	1597	879	0.766588	-0.642140
1	1597	878	0.756815	-0.653629
1	1596	877	0.750163	-0.661253
1	1595	876	0.742125	-0.670261
1	1594	875	0.737317	-0.675547
1	1593	874	0.731592	-0.681743
1	1592	873	0.725018	-0.688730
1	1591	872	0.722301	-0.691579
1	1590	871	0.714781	-0.699349
1	1589	870	0.707107	-0.707107
1	1588	869	0.699349	-0.714781
1	1587	868	0.691579	-0.722301
1	1586	867	0.688730	-0.725018
1	1585	866	0.681743	-0.731592
1	1584	865	0.675547	-0.737317
1	1583	864	0.670261	-0.742125
1	1582	863	0.665992	-0.745959
1	1581	862	0.657983	-0.753032
1	1580	862	0.646660	-0.762778
1	1579	861	0.640088	-0.768302
1	1578	860	0.635401	-0.772183
1	1577	859	0.626999	-0.779020
1	1576	858	0.621231	-0.783627
1	1575	858	0.614948	-0.788568
1	1574	857	0.612613	-0.790383
1	1573	856	0.607051	-0.794663
1	1572	855	0.605408	-0.795915
1	1571	855	0.605584	-0.795782
1	1570	854	0.602332	-0.798246
1	1569	853	0.596479	-0.802628
1	1568	852	0.594725	-0.803929
1	1567	852	0.587985	-0.808872
1	1566	851	0.585368	-0.810768
1	1565	850	0.581494	-0.813550
1	1564	849	0.575566	-0.817755
1	1563	849	0.562203	-0.826999
1	1562	848	0.556887	-0.830588
1	1561	847	0.551593	-0.834113
1	1560	847	0.537317	-0.843380
1	1559	846	0.525011	-0.851096
1	1558	845	0.520973	-0.853573
1	1557	845	0.507938	-0.861394
1	1556	844	0.491135	-0.871083
1	1555	844	0.475675	-0.879621
1	1554	843	0.464423	-0.885613
1	1553	843	0.457688	-0.889113
1	1552	842	0.444393	-0.895832
1	1551	842	0.427485	-0.904022
1	1550	841	0.424778	-0.905298
1	1549	841	0.407723	-0.913106
1	1548	840	0.396742	-0.917930
1	1547	840	0.392031	-0.919952
1	1546	840	0.380863	-0.924632
1	1545	839	0.382319	-0.924030
1	1544	839	0.373148	-0.927772
1	1543	838	0.368962	-0.929445
1	1542	838	0.362652	-0.931924
1	1541	838	0.361095	-0.932529
1	1540	837	0.361095	-0.932529
1	1539	837	0.362652	-0.931924
1	1538	837	0.357947	-0.933742
1	1537	836	0.363784	-0.931483
1	1536	836	0.363009	-0.931786
1	1535	835	0.364498	-0.931204
1	1534	835	0.366807	-0.930297
1	1533	835	0.373840	-0.927493
1	1532	834	0.379405	-0.925231
1	1531	834	0.389180	-0.921162
1	1530	833	0.389180	-0.921162
1	1529	833	0.400819	-0.916157
1	1528	833	0.406169	-0.913798
1	1527	832	0.407723	-0.913106
1	1526	832	0.414330	-0.910127
1	1525	831	0.418544	-0.908196
1	1524	831	0.426260	-0.904601
1	1523	830	0.432965	-0.901411
1	1522	830	0.431769	-0.901984
1	1521	829	0.439682	-0.898153
1	1520	829	0.439103	-0.898437
1	1519	828	0.448144	-0.893961
1	1518	828	0.448144	-0.893961
1	1517	827	0.448144	-0.893961
1	1516	827	0.448144	-0.893961
1	1515	826	0.439103	-0.898437
1	1514	826	0.439682	-0.898153
1	1513	825	0.431769	-0.901984
1	1512	825	0.423536	-0.905879
1	1511	824	0.418016	-0.908440
1	1510	824	0.410804	-0.911724
1	1509	823	0.398499	-0.917169
1	1508	823	0.393098	-0.919496
1	1507	822	0.384517	-0.923118
1	1506	822	0.371246	-0.928534
1	1505	822	0.351475	-0.936197
1	1504	821	0.348472	-0.937319
1	1503	821	0.332032	-0.943268
1	1502	821	0.320994	-0.947081
1	1501	820	0.303661	-0.952780
1	1500	820	0.298598	-0.954379
1	1499	820	0.286928	-0.957952
1	1498	819	0.282078	-0.959392
1	1497	819	0.266533	-0.963826
1	1496	819	0.257979	-0.966150
1	1495	819	0.244145	-0.969739
1	1494	818	0.237021	-0.971505
1	1493	818	0.233511	-0.972354
1	1492	818	0.224636	-0.974443
1	1491	818	0.210188	-0.977661
1	1490	817	0.204712	-0.978822
1	1489	817	0.203483	-0.979079
1	1488	817	0.196635	-0.980477
1	1487	817	0.197767	-0.980249
1	1486	817	0.194365	-0.980929
1	1485	817	0.186344	-0.982485
1	1484	816	0.172436	-0.985021
1	1483	816	0.167101	-0.985940
1	1482	816	0.158200	-0.987407
1	1481	816	0.158200	-0.987407
1	1480	816	0.153418	-0.988161
1	1479	815	0.158184	-0.987410
1	1478	815	0.157594	-0.987504
1	1477	815	0.153418	-0.988161
1	1476	815	0.145636	-0.989338
1	1475	815	0.134178	-0.990957
1	1474	815	0.118938	-0.992902
1	1473	815	0.113971	-0.993484
1	1472	815	0.106472	-0.994316
1	1471	814	0.109536	-0.993983
1	1470	814	0.107863	-0.994166
1	1469	814	0.102439	-0.994739
1	1468	814	0.107451	-0.994210
1	1467	814	0.109948	-0.993937
1	1466	814	0.109948	-0.993937
1	1465	814	0.107451	-0.994210
1	1464	814	0.102439	-0.994739
1	1463	814	0.094876	-0.995489
1	1462	814	0.084714	-0.996405
1	1461	813	0.071807	-0.997419
1	1460	813	0.070430	-0.997517
1	1459	813	0.067770	-0.997701
1	1458	813	0.063827	-0.997961
1	1457	813	0.071529	-0.997438
1	1456	813	0.076643	-0.997059
1	1455	813	0.079194	-0.996859
1	1454	813	0.079194	-0.996859
1	1453	813	0.076643	-0.997059
1	1452	813	0.071529	-0.997438
1	1451	813	0.063827	-0.997961
1	1450	813	0.067770	-0.997701
1	1449	813	0.070430	-0.997517
1	1448	813	0.071807	-0.997419
1	1447	812	0.071807	-0.997419
1	1446	812	0.070430	-0.997517
1	1445	812	0.067770	-0.997701
1	1444	812	0.063827	-0.997961
1	1443	812	0.058597	-0.998282
1	1442	812	0.052075	-0.998643
1	1441	812	0.044256	-0.999020
1	1440	812	0.035137	-0.999383
1	1439	812	0.024717	-0.999694
1	1438	812	0.026015	-0.999662
1	1437	812	0.011701	-0.999932
1	1436	812	0.010401	-0.999946
1	1435	812	-0.003906	-0.999992
1	1434	812	-0.016942	-0.999856
1	1433	812	-0.017982	-0.999838
1	1432	812	-0.018761	-0.999824
1	1431	812	-0.019147	-0.999817
1	1430	812	-0.019017	-0.999819
1	1429	812	-0.018297	-0.999833
1	1428	811	0.094898	-0.995487
1	1427	812	-0.015146	-0.999885
1	1426	812	-0.012917	-0.999917
1	1425	813	-0.150185	-0.988658
1	1424	813	-0.150185	-0.988658
2	1065	740	0.712034	-0.702145
2	1065	739	0.641747	-0.766916
2	1064	738	0.629103	-0.777322
2	1063	737	0.608003	-0.793935
2	1062	736	0.593106	-0.805124
2	1061	735	0.574746	-0.818332
2	1060	735	0.601590	-0.798805
2	1059	734	0.581697	-0.813406
2	1058	733	0.574029	-0.818835
2	1057	732	0.577195	-0.816607
2	1056	732	0.572625	-0.819818
2	1055	731	0.557925	-0.829892
2	1054	730	0.553239	-0.833023
2	1053	730	0.539361	-0.842075
2	1052	729	0.535609	-0.844466
2	1051	729	0.527875	-0.849322
2	1050	728	0.526804	-0.849987
2	1049	728	0.525371	-0.850873
2	1048	727	0.526089	-0.850429
2	1047	726	0.526089	-0.850429
2	1046	726	0.533528	-0.845782
2	1045	725	0.536277	-0.844042
2	1044	724	0.538354	-0.842719
2	1043	724	0.546120	-0.837707
2	1042	723	0.550690	-0.834710
2	1041	723	0.564336	-0.825545
2	1040	722	0.569680	-0.821867
2	1039	721	0.580269	-0.814425
2	1038	720	0.588313	-0.808633
2	1037	720	0.601874	-0.798591
2	1036	719	0.614010	-0.789298
2	1035	718	0.623020	-0.782206
2	1034	718	0.640667	-0.767819
2	1033	717	0.651590	-0.758571
2	1032	716	0.659315	-0.751867
2	1031	715	0.668439	-0.743767
2	1030	714	0.678348	-0.734741
2	1029	713	0.688755	-0.724994
2	1028	712	0.699480	-0.714652
2	1027	711	0.714652	-0.699480
2	1026	710	0.724994	-0.688755
2	1025	709	0.734741	-0.678348
2	1024	708	0.747930	-0.663778
2	1023	707	0.755628	-0.655001
2	1022	706	0.761879	-0.647720
2	1021	705	0.770685	-0.637217
2	1021	704	0.785071	-0.619406
2	1020	703	0.796076	-0.605197
2	1019	702	0.804334	-0.594177
2	1019	701	0.818939	-0.573881
2	1018	700	0.827788	-0.561042
2	1017	699	0.837395	-0.546598
2	1017	698	0.846895	-0.531760
2	1016	697	0.855332	-0.518080
2	1015	696	0.862885	-0.505400
2	1015	695	0.870701	-0.491813
2	1014	694	0.874591	-0.484862
2	1014	693	0.882869	-0.469620
2	1013	692	0.888229	-0.459400
2	1013	691	0.895921	-0.444213
2	1012	690	0.905531	-0.424281
2	1012	689	0.916891	-0.399138
2	1011	688	0.919889	-0.392179
2	1011	687	0.930034	-0.367474
2	1011	686	0.937669	-0.347530
2	1010	685	0.942472	-0.334284
2	1010	684	0.951493	-0.307669
2	1009	683	0.958967	-0.283516
2	1009	682	0.970394	-0.241529
2	1009	681	0.978296	-0.207212
2	1009	680	0.985921	-0.167214
2	1009	679	0.990677	-0.136229
2	1008	678	0.994514	-0.104600
2	1008	677	0.996914	-0.078501
2	1008	676	0.999331	-0.036562
2	1008	675	0.999977	0.006738
2	1008	674	0.999340	0.036316
2	1009	673	0.997950	0.063993
2	1009	672	0.996936	0.078221
2	1009	671	0.995844	0.091075
2	1009	670	0.993307	0.115508
2	1009	669	0.990553	0.137132
2	1009	668	0.987756	0.156007
2	1009	667	0.985115	0.171896
2	1010	666	0.981062	0.193695
2	1010	665	0.974950	0.222423
2	1010	664	0.966381	0.257112
2	1010	663	0.954791	0.297277
2	1010	662	0.935503	0.353320
2	1010	661	0.910770	0.412913
2	1011	660	0.892298	0.451447
2	1011	659	0.860194	0.509968
2	1011	658	0.818545	0.574443
2	1012	657	0.794766	0.606917
2	1013	656	0.769552	0.638585
2	1014	655	0.736835	0.676072
2	1015	654	0.701153	0.713011
2	1016	653	0.668273	0.743916
2	1017	652	0.635538	0.772070
2	1018	651	0.604464	0.796632
2	1019	651	0.549637	0.835404
2	1020	650	0.514335	0.857590
2	1021	650	0.457805	0.889053
2	1022	650	0.406001	0.913873
2	1023	649	0.356880	0.934150
2	1024	649	0.291768	0.956489
2	1025	649	0.230307	0.973118
2	1026	648	0.182462	0.983213
2	1027	648	0.130622	0.991432
2	1028	648	0.076251	0.997089
2	1029	648	0.034047	0.999420
2	1030	648	-0.009484	0.999955
2	1031	648	-0.052982	0.998595
2	1032	648	-0.094851	0.995491
2	1033	649	-0.143440	0.989659
2	1034	649	-0.177690	0.984087
2	1035	649	-0.207466	0.978242
2	1036	649	-0.245649	0.969359
2	1037	649	-0.266729	0.963771
2	1038	650	-0.286600	0.958050
2	1039	650	-0.304585	0.952485
2	1040	650	-0.328744	0.944419
2	1041	651	-0.349047	0.937105
2	1042	651	-0.365878	0.930663
2	1043	652	-0.380857	0.924634
2	1044	652	-0.410317	0.911943
2	1045	652	-0.432506	0.901631
2	1046	653	-0.446839	0.894614
2	1047	653	-0.469964	0.882685
2	1048	654	-0.483370	0.875416
2	1049	654	-0.513357	0.858175
2	1050	655	-0.530405	0.847745
2	1051	656	-0.546908	0.837193
2	1052	656	-0.574725	0.818346
2	1053	657	-0.590102	0.807328
2	1054	658	-0.609089	0.793102
2	1055	658	-0.632836	0.774285
2	1056	659	-0.642958	0.765901
2	1057	660	-0.655001	0.755628
2	1058	661	-0.668362	0.743837
2	1059	662	-0.682524	0.730864
2	1060	663	-0.692495	0.721423
2	1061	664	-0.702751	0.711436
2	1062	665	-0.713115	0.701047
2	1063	666	-0.719018	0.694991
2	1064	667	-0.724765	0.688996
2	1065	668	-0.730309	0.683117
2	1066	669	-0.731085	0.682287
2	1067	670	-0.735763	0.677239
2	1067	671	-0.740688	0.671849
2	1068	672	-0.744384	0.667752
2	1069	673	-0.747050	0.664768
2	1070	674	-0.748660	0.662954
2	1071	675	-0.749199	0.662345
2	1072	676	-0.748660	0.662954
2	1073	677	-0.747050	0.664768
2	1074	678	-0.744384	0.667752
2	1075	679	-0.740688	0.671849
2	1075	680	-0.735763	0.677239
2	1076	681	-0.731085	0.682287
2	1077	682	-0.726050	0.687642
2	1078	683	-0.720813	0.693129
2	1079	684	-0.715413	0.698702
2	1080	685	-0.709895	0.704307
2	1081	686	-0.704307	0.709895
2	1082	687	-0.694149	0.719831
2	1083	688	-0.684266	0.729233
2	1084	689	-0.674827	0.737976
2	1085	690	-0.665992	0.745959
2	1086	691	-0.657983	0.753032
2	1087	691	-0.646660	0.762778
2	1088	692	-0.640088	0.768302
2	1089	693	-0.635401	0.772183
2	1090	694	-0.626999	0.779020
2	1091	695	-0.621231	0.783627
2	1092	695	-0.614948	0.788568
2	1093	696	-0.612613	0.790383
2	1094	697	-0.607051	0.794663
2	1095	698	-0.605408	0.795915
2	1096	698	-0.605584	0.795782
2	1097	699	-0.608818	0.793310
2	1098	700	-0.602332	0.798246
2	1099	701	-0.599813	0.800140
2	1100	701	-0.599813	0.800140
2	1101	702	-0.602332	0.798246
2	1102	703	-0.602332	0.798246
2	1103	704	-0.599813	0.800140
2	1104	704	-0.599813	0.800140
2	1105	705	-0.595640	0.803252
2	1106	706	-0.596479	0.802628
2	1107	707	-0.594725	0.803929
2	1108	707	-0.587985	0.808872
2	1109	708	-0.585368	0.810768
2	1110	709	-0.581494	0.813550
2	1111	710	-0.575566	0.817755
2	1112	710	-0.569256	0.822160
2	1113	711	-0.563157	0.826350
2	1114	712	-0.563648	0.826015
2	1115	712	-0.549394	0.835563
2	1116	713	-0.542760	0.839888
2	1117	714	-0.536008	0.844213
2	1118	714	-0.529999	0.847998
2	1119	715	-0.525012	0.851095
2	1120	715	-0.525012	0.851095
2	1121	716	-0.521762	0.853091
2	1122	717	-0.527165	0.849763
2	1123	717	-0.527875	0.849322
2	1124	718	-0.526804	0.849987
2	1125	718	-0.533885	0.845557
2	1126	719	-0.535589	0.844479
2	1127	719	-0.540542	0.841317
2	1128	720	-0.544131	0.839000
2	1129	721	-0.547742	0.836648
2	1130	722	-0.558142	0.829745
2	1131	722	-0.565742	0.824582
2	1132	723	-0.568066	0.822983
2	1133	724	-0.576765	0.816910
2	1134	724	-0.583605	0.812038
2	1135	725	-0.584820	0.811163
2	1136	726	-0.584820	0.811163
2	1137	726	-0.591026	0.806652
2	1138	727	-0.590253	0.807219
2	1139	728	-0.593753	0.804647
2	1140	729	-0.594600	0.804022
2	1141	730	-0.600454	0.799659
2	1142	730	-0.600825	0.799380
2	1143	731	-0.604951	0.796263
2	1144	732	-0.612924	0.790142
2	1145	732	-0.612281	0.790640
2	1146	733	-0.611505	0.791240
2	1147	734	-0.614638	0.788809
2	1148	735	-0.614638	0.788809
2	1149	736	-0.617720	0.786398
2	1150	736	-0.617419	0.786635
2	1151	737	-0.618177	0.786039
2	1152	738	-0.622691	0.782467
2	1153	739	-0.624181	0.781280
2	1154	740	-0.622715	0.782448
2	1155	740	-0.622855	0.782337
2	1156	741	-0.619086	0.785323
2	1157	742	-0.618326	0.785922
2	1158	743	-0.620601	0.784126
2	1159	744	-0.625828	0.779961
2	1160	744	-0.625962	0.779854
2	1161	745	-0.622247	0.782821
2	1162	746	-0.621497	0.783416
2	1163	747	-0.623740	0.781632
2	1164	747	-0.623324	0.781963
2	1165	748	-0.623299	0.781984
2	1166	749	-0.620296	0.784368
2	1167	750	-0.620296	0.784368
2	1168	751	-0.617261	0.786758
2	1169	752	-0.618036	0.786150
2	1170	752	-0.618632	0.785681
2	1171	753	-0.610880	0.791723
2	1172	754	-0.606879	0.794794
2	1173	755	-0.600910	0.799317
2	1174	755	-0.594923	0.803783
2	1175	756	-0.587116	0.809503
2	1176	757	-0.583496	0.812116
2	1177	758	-0.584268	0.811561
2	1178	758	-0.585150	0.810925
2	1179	759	-0.595936	0.803032
2	1180	760	-0.602572	0.798064
2	1181	760	-0.590573	0.806984
2	1182	761	-0.591414	0.806368
2	1183	761	-0.568301	0.822821
2	1184	762	-0.574746	0.818332
2	1185	763	-0.579210	0.815178
2	1186	764	-0.592974	0.805222
2	1187	765	-0.613862	0.789413
2	1188	766	-0.638782	0.769388
2	1188	767	-0.709601	0.704604
3	1065	740	-0.449072	0.893496
3	1066	741	-0.386295	0.922375
3	1067	741	-0.420466	0.907308
3	1068	742	-0.366209	0.930532
3	1069	742	-0.399230	0.916851
3	1070	742	-0.417110	0.908856
3	1071	743	-0.359094	0.933301
3	1072	743	-0.360177	0.932884
3	1073	744	-0.322808	0.946465
3	1074	745	-0.324016	0.946052
3	1075	745	-0.325572	0.945517
3	1076	745	-0.312968	0.949764
3	1077	745	-0.317455	0.948273
3	1078	746	-0.317130	0.948382
3	1079	746	-0.325994	0.945372
3	1080	746	-0.327733	0.944770
3	1081	746	-0.322482	0.946575
3	1082	746	-0.334146	0.942521
3	1083	746	-0.338976	0.940795
3	1084	747	-0.332217	0.943203
3	1085	747	-0.341558	0.939861
3	1086	748	-0.336302	0.941754
3	1087	749	-0.332217	0.943203
3	1088	749	-0.328075	0.944652
3	1089	750	-0.336422	0.941711
3	1090	750	-0.328744	0.944419
3	1091	750	-0.326336	0.945254
3	1092	751	-0.324985	0.945719
3	1093	751	-0.305045	0.952338
3	1094	751	-0.278207	0.960521
3	1095	751	-0.257545	0.966266
3	1096	751	-0.230022	0.973185
3	1097	751	-0.196925	0.980419
3	1098	752	-0.171138	0.985247
3	1099	752	-0.152788	0.988259
3	1100	752	-0.156395	0.987695
3	1101	753	-0.158151	0.987415
3	1102	753	-0.150483	0.988613
3	1103	753	-0.164980	0.986297
3	1104	753	-0.174467	0.984663
3	1105	753	-0.179155	0.983821
3	1106	753	-0.179155	0.983821
3	1107	752	-0.181856	0.983325
3	1108	752	-0.173843	0.984773
3	1109	753	-0.164399	0.986394
3	1110	754	-0.157987	0.987441
3	1111	754	-0.148975	0.988841
3	1112	754	-0.150185	0.988658
3	1113	755	-0.164641	0.986353
3	1114	755	-0.171227	0.985232
3	1115	755	-0.186554	0.982445
3	1116	755	-0.209463	0.977817
3	1117	755	-0.226229	0.974074
3	1118	755	-0.224047	0.974578
3	1119	755	-0.215210	0.976568
3	1120	755	-0.213137	0.977022
3	1121	755	-0.218617	0.975811
3	1122	755	-0.219628	0.975584
3	1123	756	-0.206967	0.978348
3	1124	756	-0.209968	0.977708
3	1125	757	-0.208341	0.978056
3	1126	758	-0.210961	0.977495
3	1127	758	-0.212325	0.977199
3	1128	758	-0.209115	0.977891
3	1129	758	-0.213489	0.976946
3	1130	758	-0.224579	0.974456
3	1131	758	-0.228940	0.973441
3	1132	758	-0.226765	0.973950
3	1133	758	-0.217957	0.975958
3	1134	758	-0.215909	0.976413
3	1135	758	-0.208103	0.978107
3	1136	758	-0.194832	0.980837
3	1137	759	-0.183770	0.982969
3	1138	759	-0.189108	0.981956
3	1139	760	-0.190733	0.981642
3	1140	761	-0.196116	0.980581
3	1141	761	-0.187905	0.982187
3	1142	761	-0.188395	0.982093
3	1143	761	-0.184154	0.982897
3	1144	761	-0.187707	0.982225
3	1145	761	-0.198126	0.980177
3	1146	760	-0.206818	0.978379
3	1147	760	-0.206411	0.978465
3	1148	761	-0.201639	0.979460
3	1149	761	-0.199412	0.979916
3	1150	761	-0.218220	0.975900
3	1151	761	-0.244003	0.969774
3	1152	762	-0.253856	0.967242
3	1153	762	-0.267542	0.963546
3	1154	763	-0.284989	0.958531
3	1155	764	-0.315202	0.949025
3	1156	764	-0.340425	0.940272
3	1157	764	-0.347063	0.937842
3	1158	764	-0.347063	0.937842
3	1159	764	-0.363177	0.931720
3	1160	765	-0.365986	0.930620
3	1161	765	-0.374565	0.927200
3	1162	765	-0.376347	0.926479
3	1163	765	-0.382306	0.924036
3	1164	766	-0.365462	0.930826
3	1165	767	-0.357947	0.933742
3	1166	768	-0.361828	0.932245
3	1167	768	-0.351879	0.936045
3	1168	768	-0.336843	0.941561
3	1169	769	-0.322633	0.946524
3	1170	769	-0.301631	0.953425
3	1171	770	-0.298774	0.954324
3	1172	770	-0.273766	0.961796
3	1173	770	-0.231135	0.972922
3	1174	770	-0.181380	0.983413
3	1175	770	-0.127354	0.991857
3	1176	770	-0.083018	0.996548
3	1177	770	-0.037206	0.999308
3	1178	770	0.022770	0.999741
3	1179	770	0.047531	0.998870
3	1180	771	0.031377	0.999508
3	1181	771	0.031140	0.999515
3	1182	771	0.009237	0.999957
3	1183	770	0.079797	0.996811
3	1184	770	0.074929	0.997189
3	1185	769	0.189108	0.981956
3	1186	769	0.190490	0.981689
3	1187	768	0.316228	0.948683
3	1188	767	0.428918	0.903343
4	1065	740	-0.461210	-0.887291
4	1064	741	-0.371607	-0.928390
4	1063	742	-0.269915	-0.962884
4	1062	742	-0.259240	-0.965813
4	1061	743	-0.138368	-0.990381
4	1060	743	-0.130523	-0.991445
4	1059	744	-0.050153	-0.998742
4	1058	744	-0.059476	-0.998230
4	1057	744	-0.067062	-0.997749
4	1056	744	-0.057316	-0.998356
4	1055	744	-0.051116	-0.998693
4	1054	744	0.005457	-0.999985
4	1053	744	0.048607	-0.998818
4	1052	743	0.089108	-0.996022
4	1051	743	0.128535	-0.991705
4	1050	743	0.152407	-0.988318
4	1049	743	0.173397	-0.984852
4	1048	743	0.191406	-0.981511
4	1047	743	0.204712	-0.978822
4	1046	742	0.210188	-0.977661
4	1045	742	0.212403	-0.977182
4	1044	742	0.222464	-0.974941
4	1043	742	0.227049	-0.973883
4	1042	741	0.223815	-0.974632
4	1041	741	0.228141	-0.973628
4	1040	741	0.240154	-0.970735
4	1039	741	0.246803	-0.969066
4	1038	740	0.246803	-0.969066
4	1037	740	0.240154	-0.970735
4	1036	740	0.240154	-0.970735
4	1035	740	0.246803	-0.969066
4	1034	739	0.246803	-0.969066
4	1033	739	0.240154	-0.970735
4	1032	739	0.240154	-0.970735
4	1031	739	0.246803	-0.969066
4	1030	738	0.246803	-0.969066
4	1029	738	0.240154	-0.970735
4	1028	738	0.240154	-0.970735
4	1027	738	0.246803	-0.969066
4	1026	737	0.246803	-0.969066
4	1025	737	0.240154	-0.970735
4	1024	737	0.228141	-0.973628
4	1023	737	0.235918	-0.971773
4	1022	736	0.237533	-0.971379
4	1021	736	0.231898	-0.972740
4	1020	736	0.220853	-0.975307
4	1019	736	0.217572	-0.976044
4	1018	735	0.210583	-0.977576
4	1017	735	0.196211	-0.980562
4	1016	735	0.177115	-0.984190
4	1015	735	0.167101	-0.985940
4	1014	735	0.153418	-0.988161
4	1013	734	0.137817	-0.990458
4	1012	734	0.115141	-0.993349
4	1011	734	0.103229	-0.994658
4	1010	734	0.088763	-0.996053
4	1009	734	0.071715	-0.997425
4	1008	734	0.052075	-0.998643
4	1007	734	0.044256	-0.999020
4	1006	734	0.035137	-0.999383
4	1005	734	0.024717	-0.999694
4	1004	734	0.013001	-0.999915
4	1003	734	-0.000000	-1.000000
4	1002	734	-0.000000	-1.000000
4	1001	734	-0.000000	-1.000000
4	1000	734	-0.000000	-1.000000
4	999	734	-0.000000	-1.000000
4	998	734	-0.000000	-1.000000
4	997	734	-0.013001	-0.999915
4	996	734	-0.024717	-0.999694
4	995	734	-0.035137	-0.999383
4	994	734	-0.044256	-0.999020
4	993	734	-0.052075	-0.998643
4	992	734	-0.058597	-0.998282
4	991	734	-0.063827	-0.997961
4	990	734	-0.067770	-0.997701
4	989	734	-0.070430	-0.997517
4	988	734	-0.071807	-0.997419
4	987	735	-0.084714	-0.996405
4	986	735	-0.094876	-0.995489
4	985	735	-0.102439	-0.994739
4	984	735	-0.107451	-0.994210
4	983	735	-0.109948	-0.993937
4	982	735	-0.109948	-0.993937
4	981	735	-0.107451	-0.994210
4	980	735	-0.115362	-0.993324
4	979	735	-0.119543	-0.992829
4	978	735	-0.120001	-0.992774
4	977	736	-0.115362	-0.993324
4	976	736	-0.121565	-0.992583
4	975	736	-0.125267	-0.992123
4	974	736	-0.126497	-0.991967
4	973	736	-0.138006	-0.990431
4	972	736	-0.145818	-0.989311
4	971	736	-0.149997	-0.988686
4	970	737	-0.149997	-0.988686
4	969	737	-0.145818	-0.989311
4	968	737	-0.150639	-0.988589
4	967	737	-0.150639	-0.988589
4	966	737	-0.172436	-0.985021
4	965	737	-0.189338	-0.981912
4	964	737	-0.214610	-0.976700
4	963	738	-0.241550	-0.970388
4	962	738	-0.263698	-0.964605
4	961	738	-0.292040	-0.956406
4	960	738	-0.313231	-0.949677
4	959	738	-0.351462	-0.936202
4	958	739	-0.376715	-0.926329
4	957	739	-0.417802	-0.908538
4	956	740	-0.445121	-0.895471
4	955	740	-0.484577	-0.874749
4	954	741	-0.508365	-0.861142
4	953	742	-0.532198	-0.846620
4	952	742	-0.567502	-0.823372
4	951	743	-0.594024	-0.804447
4	950	743	-0.628678	-0.777666
4	949	744	-0.645953	-0.763377
4	948	745	-0.664606	-0.747194
4	947	746	-0.684208	-0.729287
4	946	747	-0.699521	-0.714612
4	945	748	-0.719168	-0.694836
4	944	749	-0.733658	-0.679519
4	943	750	-0.751244	-0.660024
4	942	751	-0.766968	-0.641686
4	942	752	-0.785104	-0.619364
4	941	753	-0.799215	-0.601046
4	940	754	-0.806933	-0.590643
4	940	755	-0.816674	-0.577100
4	939	756	-0.825466	-0.564451
4	938	757	-0.830505	-0.557011
4	938	758	-0.835136	-0.550043
4	937	759	-0.835136	-0.550043
4	937	760	-0.830505	-0.557011
4	936	761	-0.825466	-0.564451
4	935	762	-0.816674	-0.577100
4	935	763	-0.806933	-0.590643
4	934	764	-0.799215	-0.601046
4	933	765	-0.788691	-0.614790
4	933	766	-0.774285	-0.632836
4	932	767	-0.765901	-0.642958
4	931	768	-0.751619	-0.659598
4	930	769	-0.740037	-0.672566
4	929	770	-0.727332	-0.686286
4	928	771	-0.718242	-0.695794
4	927	772	-0.708651	-0.705559
4	926	773	-0.698702	-0.715413
4	925	774	-0.693129	-0.720813
4	924	775	-0.687642	-0.726050
4	923	776	-0.682287	-0.731085
4	922	777	-0.681997	-0.731355
4	921	777	-0.681997	-0.731355
4	920	778	-0.682287	-0.731085
4	919	779	-0.683117	-0.730309
4	918	780	-0.684477	-0.729034
4	917	781	-0.681233	-0.732066
4	916	782	-0.679035	-0.734106
4	915	783	-0.673052	-0.739595
4	914	784	-0.668610	-0.743614
4	913	785	-0.661118	-0.750282
4	912	786	-0.655801	-0.754934
4	911	787	-0.648296	-0.761389
4	910	788	-0.631856	-0.775086
4	909	789	-0.617488	-0.786581
4	908	790	-0.601039	-0.799220
4	907	790	-0.563157	-0.826350
4	906	791	-0.544141	-0.838994
4	905	791	-0.507622	-0.861580
4	904	792	-0.481313	-0.876549
4	903	792	-0.448908	-0.893578
4	902	793	-0.426181	-0.904638
4	901	793	-0.392458	-0.919770
4	900	793	-0.362588	-0.931950
4	899	794	-0.338388	-0.941007
4	898	794	-0.322546	-0.946554
4	897	794	-0.312205	-0.950015
4	896	795	-0.296141	-0.955144
4	895	795	-0.280828	-0.959758
4	894	795	-0.259290	-0.965799
4	893	796	-0.258882	-0.965909
4	892	796	-0.246042	-0.969259
4	891	796	-0.240432	-0.970666
4	890	796	-0.229484	-0.973312
4	889	796	-0.212909	-0.977072
4	888	797	-0.216142	-0.976362
4	887	797	-0.211549	-0.977367
4	886	797	-0.201387	-0.979512
4	885	797	-0.199135	-0.979972
4	884	797	-0.192318	-0.981333
4	883	798	-0.192318	-0.981333
4	882	798	-0.199135	-0.979972
4	881	798	-0.201387	-0.979512
4	880	798	-0.199135	-0.979972
4	879	798	-0.192318	-0.981333
4	878	799	-0.192318	-0.981333
4	877	799	-0.199135	-0.979972
4	876	799	-0.201387	-0.979512
4	875	799	-0.199135	-0.979972
4	874	799	-0.192318	-0.981333
4	873	800	-0.192318	-0.981333
4	872	800	-0.199135	-0.979972
4	871	800	-0.201387	-0.979512
4	870	800	-0.199135	-0.979972
4	869	800	-0.192318	-0.981333
4	868	801	-0.192318	-0.981333
4	867	801	-0.199135	-0.979972
4	866	801	-0.201387	-0.979512
4	865	801	-0.199135	-0.979972
4	864	801	-0.192318	-0.981333
4	863	802	-0.180100	-0.983648
4	862	802	-0.175949	-0.984399
4	861	802	-0.180601	-0.983557
4	860	802	-0.180601	-0.983557
4	859	802	-0.175949	-0.984399
4	858	803	-0.166743	-0.986000
4	857	803	-0.164941	-0.986303
4	856	803	-0.159587	-0.987184
4	855	803	-0.150639	-0.988589
4	854	803	-0.138006	-0.990431
4	853	803	-0.121565	-0.992583
4	852	803	-0.115362	-0.993324
4	851	804	-0.107293	-0.994227
4	850	804	-0.095365	-0.995442
4	849	804	-0.080883	-0.996724
4	848	804	-0.063827	-0.997961
4	847	804	-0.058597	-0.998282
4	846	804	-0.052075	-0.998643
4	845	804	-0.044256	-0.999020
4	844	804	-0.035137	-0.999383
4	843	804	-0.024717	-0.999694
4	842	804	-0.000000	-1.000000
4	841	804	0.024717	-0.999694
4	840	804	0.035137	-0.999383
4	839	804	0.044256	-0.999020
4	838	804	0.052075	-0.998643
4	837	804	0.058597	-0.998282
4	836	804	0.076941	-0.997036
4	835	804	0.092700	-0.995694
4	834	804	0.105893	-0.994378
4	833	804	0.116546	-0.993185
4	832	803	0.122956	-0.992412
4	831	803	0.140612	-0.990065
4	830	803	0.154425	-0.988005
4	829	803	0.164534	-0.986371
4	828	803	0.171050	-0.985262
4	827	803	0.186799	-0.982398
4	826	802	0.195738	-0.980656
4	825	802	0.200262	-0.979742
4	824	802	0.212656	-0.977127
4	823	802	0.219446	-0.975625
4	822	802	0.233553	-0.972344
4	821	801	0.248885	-0.968533
4	820	801	0.260600	-0.965447
4	819	801	0.279187	-0.960237
4	818	801	0.291707	-0.956508
4	817	800	0.303276	-0.952903
4	816	800	0.311063	-0.950389
4	815	800	0.335837	-0.941920
4	814	799	0.346013	-0.938230
4	813	799	0.364439	-0.931227
4	812	798	0.371643	-0.928376
4	811	798	0.382319	-0.924030
4	810	798	0.407659	-0.913134
4	809	797	0.416902	-0.908952
4	808	797	0.433039	-0.901375
4	807	796	0.444213	-0.895921
4	806	796	0.459400	-0.888229
4	805	795	0.469620	-0.882869
4	804	795	0.484862	-0.874591
4	803	794	0.500929	-0.865488
4	802	794	0.513833	-0.857890
4	801	793	0.525011	-0.851096
4	800	792	0.537317	-0.843380
4	799	792	0.551593	-0.834113
4	798	791	0.564793	-0.825232
4	797	790	0.576527	-0.817078
4	796	790	0.596409	-0.802681
4	795	789	0.606503	-0.795081
4	794	788	0.619860	-0.784713
4	793	787	0.630044	-0.776560
4	792	787	0.647337	-0.762204
4	791	786	0.653994	-0.756500
4	790	785	0.662213	-0.749315
4	789	784	0.671746	-0.740782
4	788	783	0.677541	-0.735485
4	787	782	0.684193	-0.729301
4	786	781	0.691579	-0.722301
4	785	780	0.694874	-0.719131
4	784	779	0.698584	-0.715528
4	783	778	0.702674	-0.711512
4	782	777	0.707107	-0.707107
4	781	776	0.711512	-0.702674
4	780	775	0.715528	-0.698584
4	779	774	0.719131	-0.694874
4	778	773	0.722301	-0.691579
4	777	772	0.725018	-0.688730
4	776	771	0.731592	-0.681743
4	775	770	0.737317	-0.675547
4	774	769	0.742125	-0.670261
4	773	768	0.745959	-0.665992
4	772	767	0.753032	-0.657983
4	772	766	0.762778	-0.646660
4	771	765	0.768302	-0.640088
4	770	764	0.776802	-0.629745
4	769	763	0.783158	-0.621823
4	768	762	0.787235	-0.616653
4	768	761	0.792091	-0.610404
4	767	760	0.798246	-0.602332
4	766	759	0.801383	-0.598151
4	765	758	0.801428	-0.598091
4	765	757	0.806049	-0.591849
4	764	756	0.806677	-0.590993
4	763	755	0.809265	-0.587444
4	763	754	0.814589	-0.580039
4	762	753	0.817786	-0.575522
4	761	752	0.817146	-0.576431
4	760	751	0.817416	-0.576048
4	760	750	0.822160	-0.569256
4	759	749	0.827649	-0.561246
4	758	748	0.828627	-0.559801
4	758	747	0.828067	-0.560629
4	757	746	0.833629	-0.552324
4	756	745	0.834644	-0.550790
4	756	744	0.839024	-0.544094
4	755	743	0.844042	-0.536277
4	754	742	0.849093	-0.528243
4	754	741	0.853091	-0.521762
4	753	740	0.855781	-0.517339
4	753	739	0.860704	-0.509106
4	752	738	0.861371	-0.507976
4	751	737	0.861440	-0.507860
4	751	736	0.865425	-0.501038
4	750	735	0.868198	-0.496218
4	750	734	0.867704	-0.497081
4	749	733	0.872494	-0.488624
4	749	732	0.877568	-0.479453
4	748	731	0.878232	-0.478234
4	748	730	0.883601	-0.468241
4	747	729	0.884924	-0.465735
4	746	728	0.889637	-0.456668
4	746	727	0.892564	-0.450921
4	745	726	0.892454	-0.451138
4	745	725	0.895359	-0.445345
4	744	724	0.895273	-0.445518
4	744	723	0.898153	-0.439682
4	744	722	0.899006	-0.437937
4	743	721	0.905415	-0.424527
4	743	720	0.905996	-0.423286
4	742	719	0.911724	-0.410804
4	742	718	0.912019	-0.410149
4	741	717	0.912019	-0.410149
4	741	716	0.916157	-0.400819
4	740	715	0.914291	-0.405058
4	740	714	0.917530	-0.397667
4	739	713	0.917930	-0.396742
4	739	712	0.924030	-0.382319
4	739	711	0.928376	-0.371643
4	738	710	0.931227	-0.364439
4	738	709	0.938230	-0.346013
4	737	708	0.941920	-0.335837
4	737	707	0.950389	-0.311063
4	737	706	0.952903	-0.303276
4	736	705	0.956508	-0.291707
4	736	704	0.960237	-0.279187
4	736	703	0.965447	-0.260600
4	736	702	0.968533	-0.248885
4	735	701	0.972344	-0.233553
4	735	700	0.978216	-0.207591
4	735	699	0.981824	-0.189796
4	735	698	0.985940	-0.167101
4	735	697	0.986139	-0.165920
4	734	696	0.986892	-0.161385
4	734	695	0.988841	-0.148975
4	734	694	0.989285	-0.146000
4	734	693	0.991906	-0.126977
4	734	692	0.994449	-0.105216
4	734	691	0.996741	-0.080674
4	734	690	0.997701	-0.067770
4	734	689	0.998568	-0.053504
4	734	688	0.999690	-0.024879
4	733	687	0.999992	0.004032
4	733	686	0.999437	0.033545
4	733	685	0.998068	0.062137
4	733	684	0.996099	0.088240
4	734	683	0.994227	0.107293
4	734	682	0.990161	0.139934
4	734	681	0.985717	0.168412
4	734	680	0.978537	0.206070
4	734	679	0.971198	0.238276
4	735	678	0.962848	0.270045
4	735	677	0.953972	0.299894
4	735	676	0.945688	0.325076
4	736	675	0.942001	0.335611
4	736	674	0.935093	0.354401
4	736	673	0.930419	0.366496
4	737	672	0.923578	0.383411
4	737	671	0.917169	0.398499
4	738	670	0.911724	0.410804
4	738	669	0.908440	0.418016
4	739	668	0.905879	0.423536
4	739	667	0.897137	0.441752
4	740	666	0.889113	0.457688
4	740	665	0.879808	0.475329
4	741	664	0.865660	0.500632
4	741	663	0.848995	0.528401
4	742	662	0.836843	0.547444
4	742	661	0.812169	0.583422
4	743	660	0.796032	0.605254
4	743	659	0.761389	0.648296
4	744	658	0.742269	0.670102
4	745	657	0.716758	0.697322
4	746	656	0.694425	0.719565
4	747	655	0.667338	0.744755
4	748	655	0.625897	0.779906
4	749	654	0.597314	0.802008
4	750	653	0.570570	0.821249
4	751	653	0.527262	0.849703
4	752	652	0.496958	0.867775
4	753	652	0.453399	0.891307
4	754	651	0.430964	0.902369
4	755	651	0.397483	0.917610
4	756	650	0.375520	0.926814
4	757	650	0.343861	0.939020
4	758	650	0.328075	0.944652
4	759	649	0.309833	0.950791
4	760	649	0.286903	0.957960
4	761	649	0.270434	0.962738
4	762	649	0.247561	0.968872
4	763	649	0.231368	0.972866
4	764	648	0.208961	0.977924
4	765	648	0.204362	0.978895
4	766	648	0.194131	0.980976
4	767	648	0.191853	0.981424
4	768	647	0.186097	0.982531
4	769	647	0.172649	0.984983
4	770	647	0.168487	0.985704
4	771	647	0.160777	0.986991
4	772	647	0.149437	0.988771
4	773	647	0.134346	0.990934
4	774	647	0.115362	0.993324
4	775	646	0.107293	0.994227
4	776	646	0.095365	0.995442
4	777	646	0.080883	0.996724
4	778	646	0.063827	0.997961
4	779	646	0.045728	0.998954
4	780	646	0.027492	0.999622
4	781	646	0.009173	0.999958
4	782	646	-0.009173	0.999958
4	783	646	-0.027492	0.999622
4	784	646	-0.045728	0.998954
4	785	646	-0.063827	0.997961
4	786	646	-0.067770	0.997701
4	787	646	-0.070430	0.997517
4	788	646	-0.084933	0.996387
4	789	647	-0.096263	0.995356
4	790	647	-0.105082	0.994464
4	791	647	-0.111336	0.993783
4	792	647	-0.115069	0.993357
4	793	647	-0.116310	0.993213
4	794	647	-0.115069	0.993357
4	795	647	-0.111336	0.993783
4	796	647	-0.117998	0.993014
4	797	647	-0.120940	0.992660
4	798	648	-0.119391	0.992847
4	799	648	-0.113971	0.993484
4	800	648	-0.118938	0.992902
4	801	648	-0.121412	0.992602
4	802	648	-0.121412	0.992602
4	803	648	-0.118938	0.992902
4	804	648	-0.113971	0.993484
4	805	648	-0.106472	0.994316
4	806	649	-0.096760	0.995308
4	807	649	-0.083546	0.996504
4	808	649	-0.067770	0.997701
4	809	649	-0.063827	0.997961
4	810	649	-0.058597	0.998282
4	811	649	-0.052075	0.998643
4	812	649	-0.044256	0.999020
4	813	649	-0.048135	0.998841
4	814	649	-0.049426	0.998778
4	815	649	-0.048135	0.998841
4	816	649	-0.044256	0.999020
4	817	649	-0.052075	0.998643
4	818	649	-0.058597	0.998282
4	819	649	-0.063827	0.997961
4	820	649	-0.067770	0.997701
4	821	649	-0.070430	0.997517
4	822	649	-0.071807	0.997419
4	823	650	-0.084714	0.996405
4	824	650	-0.094876	0.995489
4	825	650	-0.102439	0.994739
4	826	650	-0.107451	0.994210
4	827	650	-0.109948	0.993937
4	828	650	-0.122801	0.992431
4	829	650	-0.131897	0.991263
4	830	650	-0.137305	0.990529
4	831	650	-0.139051	0.990285
4	832	650	-0.150293	0.988642
4	833	651	-0.153418	0.988161
4	834	651	-0.167101	0.985940
4	835	651	-0.177115	0.984190
4	836	651	-0.183582	0.983004
4	837	651	-0.199203	0.979958
4	838	652	-0.207963	0.978137
4	839	652	-0.212403	0.977182
4	840	652	-0.212403	0.977182
4	841	652	-0.220281	0.975436
4	842	653	-0.221897	0.975070
4	843	653	-0.216217	0.976345
4	844	653	-0.218410	0.975857
4	845	653	-0.228408	0.973565
4	846	653	-0.232985	0.972480
4	847	654	-0.229753	0.973249
4	848	654	-0.232967	0.972485
4	849	654	-0.242816	0.970072
4	850	654	-0.247373	0.968920
4	851	655	-0.244145	0.969739
4	852	655	-0.235370	0.971906
4	853	655	-0.246236	0.969210
4	854	655	-0.251820	0.967774
4	855	656	-0.250209	0.968192
4	856	656	-0.242536	0.970143
4	857	656	-0.229484	0.973312
4	858	657	-0.225941	0.974141
4	859	657	-0.225696	0.974198
4	860	657	-0.220021	0.975495
4	861	657	-0.208828	0.977952
4	862	657	-0.205482	0.978661
4	863	658	-0.198305	0.980140
4	864	658	-0.183806	0.982963
4	865	658	-0.164534	0.986371
4	866	658	-0.154425	0.988005
4	867	658	-0.140612	0.990065
4	868	658	-0.122956	0.992412
4	869	659	-0.116546	0.993185
4	870	659	-0.118600	0.992942
4	871	659	-0.116902	0.993143
4	872	659	-0.111478	0.993767
4	873	659	-0.102308	0.994753
4	874	659	-0.103562	0.994623
4	875	659	-0.102308	0.994753
4	876	659	-0.098538	0.995133
4	877	659	-0.092225	0.995738
4	878	659	-0.083331	0.996522
4	879	659	-0.071807	0.997419
4	880	660	-0.071807	0.997419
4	881	660	-0.070430	0.997517
4	882	660	-0.067770	0.997701
4	883	660	-0.063827	0.997961
4	884	660	-0.058597	0.998282
4	885	660	-0.052075	0.998643
4	886	660	-0.044256	0.999020
4	887	660	-0.035137	0.999383
4	888	660	-0.024717	0.999694
4	889	660	-0.013001	0.999915
4	890	660	0.000000	1.000000
4	891	660	0.000000	1.000000
4	892	660	0.000000	1.000000
4	893	660	0.013001	0.999915
4	894	660	0.024717	0.999694
4	895	660	0.035137	0.999383
4	896	660	0.044256	0.999020
4	897	660	0.052075	0.998643
4	898	660	0.071715	0.997425
4	899	660	0.088763	0.996053
4	900	660	0.103229	0.994658
4	901	660	0.115141	0.993349
4	902	660	0.124531	0.992216
4	903	659	0.142003	0.989866
4	904	659	0.157008	0.987597
4	905	659	0.168280	0.985739
4	906	659	0.175949	0.984399
4	907	659	0.180100	0.983648
4	908	658	0.180100	0.983648
4	909	658	0.175949	0.984399
4	910	658	0.168280	0.985739
4	911	658	0.169456	0.985538
4	912	658	0.165920	0.986139
4	913	657	0.158184	0.987410
4	914	657	0.157594	0.987504
4	915	657	0.153418	0.988161
4	916	657	0.158200	0.987407
4	917	657	0.158200	0.987407
4	918	657	0.153418	0.988161
4	919	657	0.170504	0.985357
4	920	657	0.182827	0.983145
4	921	656	0.199614	0.979875
4	922	656	0.212053	0.977258
4	923	656	0.218866	0.975755
4	924	656	0.245649	0.969359
4	925	656	0.266729	0.963771
4	926	655	0.286600	0.958050
4	927	655	0.316676	0.948534
4	928	655	0.339647	0.940553
4	929	654	0.357947	0.933742
4	930	654	0.373784	0.927516
4	931	653	0.387037	0.922064
4	932	653	0.415448	0.909617
4	933	653	0.436812	0.899553
4	934	652	0.449638	0.893211
4	935	652	0.462037	0.886861
4	936	651	0.465968	0.884801
4	937	650	0.473094	0.881012
4	938	650	0.481512	0.876439
4	939	649	0.479082	0.877770
4	940	649	0.486891	0.873463
4	941	648	0.483288	0.875462
4	942	647	0.483743	0.875210
4	943	647	0.478234	0.878232
4	944	646	0.468348	0.883544
4	945	646	0.462183	0.886785
4	946	645	0.450387	0.892833
4	947	645	0.434305	0.900766
4	948	644	0.433039	0.901375
4	949	644	0.416902	0.908952
4	950	643	0.416840	0.908980
4	951	643	0.400819	0.916157
4	952	643	0.399455	0.916753
4	953	642	0.398034	0.917371
4	954	642	0.398034	0.917371
4	955	641	0.399455	0.916753
4	956	641	0.400819	0.916157
4	957	641	0.406169	0.913798
4	958	640	0.407723	0.913106
4	959	640	0.424778	0.905298
4	960	639	0.437564	0.899187
4	961	639	0.463760	0.885961
4	962	638	0.483466	0.875363
4	963	638	0.507622	0.861580
4	964	637	0.529331	0.848416
4	965	637	0.558068	0.829795
4	966	636	0.578471	0.815703
4	967	636	0.609673	0.792653
4	968	635	0.621704	0.783252
4	969	634	0.636387	0.771370
4	970	633	0.648296	0.761389
4	971	632	0.661803	0.749678
4	972	631	0.671958	0.740589
4	973	630	0.687614	0.726077
4	974	629	0.699141	0.714984
4	975	628	0.710760	0.703435
4	976	627	0.717975	0.696069
4	977	626	0.725018	0.688730
4	978	625	0.727267	0.686355
4	979	624	0.729034	0.684477
4	980	623	0.730309	0.683117
4	981	622	0.731085	0.682287
4	982	621	0.731355	0.681997
4	982	620	0.731355	0.681997
4	983	619	0.726831	0.686816
4	984	618	0.722108	0.691781
4	985	617	0.717219	0.696848
4	986	616	0.712204	0.701972
4	987	615	0.707107	0.707107
4	988	614	0.701972	0.712204
4	989	613	0.692232	0.721675
4	990	612	0.682828	0.730579
4	991	611	0.673921	0.738803
4	992	610	0.665660	0.746255
4	993	610	0.660093	0.751184
4	994	609	0.657604	0.753364
4	995	608	0.656348	0.754459
4	996	607	0.656348	0.754459
4	997	606	0.657604	0.753364
4	998	605	0.660093	0.751184
4	999	605	0.665660	0.746255
4	1000	604	0.669353	0.742945
4	1001	603	0.668553	0.743665
4	1002	602	0.669519	0.742795
4	1003	601	0.672214	0.740357
4	1004	600	0.671058	0.741405
4	1005	599	0.671058	0.741405
4	1006	598	0.672214	0.740357
4	1007	597	0.674504	0.738271
4	1008	596	0.677883	0.735169
4	1009	595	0.682287	0.731085
4	1010	594	0.681997	0.731355
4	1011	594	0.681997	0.731355
4	1012	593	0.682287	0.731085
4	1013	592	0.683117	0.730309
4	1014	591	0.679292	0.733868
4	1015	590	0.676506	0.736438
4	1016	589	0.674812	0.737990
4	1017	588	0.674243	0.738509
4	1018	587	0.674812	0.737990
4	1019	586	0.671585	0.740927
4	1020	585	0.670050	0.742316
4	1021	584	0.670261	0.742125
4	1022	583	0.665992	0.745959
4	1023	582	0.662827	0.748772
4	1024	582	0.657253	0.753670
4	1025	581	0.649763	0.760137
4	1026	580	0.643984	0.765039
4	1027	579	0.640088	0.768302
4	1028	578	0.638198	0.769873
4	1029	578	0.638087	0.769964
4	1030	577	0.638599	0.769539
4	1031	576	0.641168	0.767400
4	1032	575	0.639797	0.768544
4	1033	574	0.641168	0.767400
4	1034	573	0.645229	0.763989
4	1035	573	0.645132	0.764071
4	1036	572	0.645612	0.763665
4	1037	571	0.648077	0.761575
4	1038	570	0.646754	0.762698
4	1039	569	0.648077	0.761575
4	1040	568	0.645612	0.763665
4	1041	567	0.645132	0.764071
4	1042	567	0.645229	0.763989
4	1043	566	0.641168	0.767400
4	1044	565	0.639797	0.768544
4	1045	564	0.641168	0.767400
4	1046	563	0.638599	0.769539
4	1047	562	0.638087	0.769964
4	1048	562	0.632029	0.774945
4	1049	561	0.628421	0.777873
4	1050	560	0.627692	0.778461
4	1051	559	0.624043	0.781390
4	1052	558	0.624072	0.781367
4	1053	558	0.617720	0.786398
4	1054	557	0.608335	0.793680
4	1055	556	0.602650	0.798006
4	1056	555	0.600960	0.799279
4	1057	554	0.597320	0.802003
4	1058	554	0.591849	0.806049
4	1059	553	0.586572	0.809897
4	1060	552	0.579008	0.815322
4	1061	552	0.572287	0.820053
4	1062	551	0.564376	0.825518
4	1063	550	0.562961	0.826483
4	1064	550	0.548091	0.836419
4	1065	549	0.539361	0.842075
4	1066	548	0.530375	0.847763
4	1067	548	0.523572	0.851981
4	1068	547	0.525731	0.850651
4	1069	546	0.519516	0.854460
4	1070	546	0.513650	0.858000
4	1071	545	0.511326	0.859387
4	1072	545	0.495483	0.868618
4	1073	544	0.489363	0.872080
4	1074	544	0.481142	0.876643
4	1075	543	0.472229	0.881476
4	1076	543	0.462555	0.886590
4	1077	542	0.461289	0.887250
4	1078	541	0.453367	0.891324
4	1079	541	0.448144	0.893961
4	1080	540	0.449651	0.893205
4	1081	540	0.444408	0.895825
4	1082	540	0.443271	0.896388
4	1083	539	0.431397	0.902162
4	1084	539	0.430795	0.902450
4	1085	538	0.419919	0.907562
4	1086	538	0.419919	0.907562
4	1087	537	0.410149	0.912019
4	1088	537	0.410804	0.911724
4	1089	536	0.413587	0.910465
4	1090	536	0.405657	0.914025
4	1091	535	0.412658	0.910886
4	1092	535	0.406691	0.913566
4	1093	535	0.404688	0.914455
4	1094	534	0.401865	0.915699
4	1095	534	0.401187	0.915996
4	1096	533	0.401187	0.915996
4	1097	533	0.401865	0.915699
4	1098	532	0.404688	0.914455
4	1099	532	0.396611	0.917987
4	1100	532	0.403341	0.915050
4	1101	531	0.397667	0.917530
4	1102	531	0.406395	0.913698
4	1103	530	0.404989	0.914322
4	1104	530	0.404989	0.914322
4	1105	529	0.406395	0.913698
4	1106	529	0.397667	0.917530
4	1107	528	0.403341	0.915050
4	1108	528	0.396611	0.917987
4	1109	528	0.404688	0.914455
4	1110	527	0.401865	0.915699
4	1111	527	0.401187	0.915996
4	1112	526	0.401187	0.915996
4	1113	526	0.391665	0.920108
4	1114	525	0.395961	0.918267
4	1115	525	0.388450	0.921470
4	1116	525	0.395961	0.918267
4	1117	524	0.391665	0.920108
4	1118	524	0.401187	0.915996
4	1119	523	0.401187	0.915996
4	1120	523	0.391665	0.920108
4	1121	522	0.395961	0.918267
4	1122	522	0.388450	0.921470
4	1123	522	0.385587	0.922672
4	1124	521	0.382683	0.923880
4	1125	521	0.382683	0.923880
4	1126	520	0.375702	0.926741
4	1127	520	0.367929	0.929854
4	1128	519	0.366653	0.930358
4	1129	519	0.351475	0.936197
4	1130	519	0.341672	0.939819
4	1131	518	0.336995	0.941506
4	1132	518	0.332032	0.943268
4	1133	518	0.320994	0.947081
4	1134	517	0.303661	0.952780
4	1135	517	0.287558	0.957763
4	1136	517	0.276663	0.960967
4	1137	516	0.273264	0.961939
4	1138	516	0.258566	0.965994
4	1139	516	0.250956	0.967998
4	1140	516	0.238041	0.971255
4	1141	515	0.220753	0.975330
4	1142	515	0.207591	0.978216
4	1143	515	0.189796	0.981824
4	1144	515	0.167101	0.985940
4	1145	515	0.153418	0.988161
4	1146	514	0.150293	0.988642
4	1147	514	0.139051	0.990285
4	1148	514	0.137305	0.990529
4	1149	514	0.131897	0.991263
4	1150	514	0.122801	0.992431
4	1151	514	0.109948	0.993937
4	1152	514	0.107451	0.994210
4	1153	514	0.102439	0.994739
4	1154	514	0.094876	0.995489
4	1155	514	0.084714	0.996405
4	1156	513	0.071807	0.997419
4	1157	513	0.070430	0.997517
4	1158	513	0.080674	0.996741
4	1159	513	0.088307	0.996093
4	1160	513	0.093371	0.995631
4	1161	513	0.095894	0.995392
4	1162	513	0.095894	0.995392
4	1163	513	0.093371	0.995631
4	1164	513	0.088307	0.996093
4	1165	513	0.093730	0.995598
4	1166	513	0.095365	0.995442
4	1167	513	0.107293	0.994227
4	1168	512	0.115362	0.993324
4	1169	512	0.121565	0.992583
4	1170	512	0.125267	0.992123
4	1171	512	0.139222	0.990261
4	1172	512	0.149437	0.988771
4	1173	512	0.156007	0.987756
4	1174	512	0.158987	0.987281
4	1175	511	0.157398	0.987535
4	1176	511	0.152028	0.988376
4	1177	511	0.143037	0.989717
4	1178	511	0.130341	0.991469
4	1179	511	0.140612	0.990065
4	1180	511	0.147210	0.989105
4	1181	510	0.150373	0.988629
4	1182	510	0.148603	0.988897
4	1183	510	0.143216	0.989691
4	1184	510	0.134178	0.990957
4	1185	510	0.121412	0.992602
4	1186	510	0.118938	0.992902
4	1187	510	0.113971	0.993484
4	1188	510	0.106472	0.994316
4	1189	509	0.096760	0.995308
4	1190	509	0.083546	0.996504
4	1191	509	0.067770	0.997701
4	1192	509	0.076742	0.997051
4	1193	509	0.083117	0.996540
4	1194	509	0.086927	0.996215
4	1195	509	0.088194	0.996103
4	1196	509	0.086927	0.996215
4	1197	509	0.083117	0.996540
4	1198	509	0.076742	0.997051
4	1199	509	0.067770	0.997701
4	1200	509	0.070430	0.997517
4	1201	509	0.071807	0.997419
4	1202	508	0.071807	0.997419
4	1203	508	0.070430	0.997517
4	1204	508	0.067770	0.997701
4	1205	508	0.063827	0.997961
4	1206	508	0.071529	0.997438
4	1207	508	0.076643	0.997059
4	1208	508	0.079194	0.996859
4	1209	508	0.079194	0.996859
4	1210	508	0.076643	0.997059
4	1211	508	0.071529	0.997438
4	1212	508	0.063827	0.997961
4	1213	508	0.080883	0.996724
4	1214	508	0.095365	0.995442
4	1215	508	0.107293	0.994227
4	1216	507	0.115362	0.993324
4	1217	507	0.121565	0.992583
4	1218	507	0.125267	0.992123
4	1219	507	0.139222	0.990261
4	1220	507	0.149437	0.988771
4	1221	507	0.156007	0.987756
4	1222	507	0.158987	0.987281
4	1223	506	0.157398	0.987535
4	1224	506	0.152028	0.988376
4	1225	506	0.155620	0.987817
4	1226	506	0.154425	0.988005
4	1227	506	0.162164	0.986764
4	1228	506	0.166331	0.986070
4	1229	505	0.166331	0.986070
4	1230	505	0.162164	0.986764
4	1231	505	0.166896	0.985975
4	1232	505	0.166896	0.985975
4	1233	505	0.162164	0.986764
4	1234	505	0.166331	0.986070
4	1235	504	0.166331	0.986070
4	1236	504	0.162164	0.986764
4	1237	504	0.154425	0.988005
4	1238	504	0.143037	0.989717
4	1239	504	0.127887	0.991789
4	1240	504	0.135739	0.990745
4	1241	503	0.140453	0.990087
4	1242	503	0.139923	0.990162
4	1243	503	0.135739	0.990745
4	1244	503	0.127887	0.991789
4	1245	503	0.116310	0.993213
4	1246	503	0.115069	0.993357
4	1247	503	0.111336	0.993783
4	1248	503	0.105082	0.994464
4	1249	503	0.096263	0.995356
4	1250	502	0.084933	0.996387
4	1251	502	0.070430	0.997517
4	1252	502	0.067770	0.997701
4	1253	502	0.063827	0.997961
4	1254	502	0.071529	0.997438
4	1255	502	0.076643	0.997059
4	1256	502	0.079194	0.996859
4	1257	502	0.079194	0.996859
4	1258	502	0.076643	0.997059
4	1259	502	0.071529	0.997438
4	1260	502	0.063827	0.997961
4	1261	502	0.067770	0.997701
4	1262	502	0.070430	0.997517
4	1263	502	0.071807	0.997419
4	1264	501	0.084714	0.996405
4	1265	501	0.094876	0.995489
4	1266	501	0.102439	0.994739
4	1267	501	0.107451	0.994210
4	1268	501	0.109948	0.993937
4	1269	501	0.109948	0.993937
4	1270	501	0.107451	0.994210
4	1271	501	0.115362	0.993324
4	1272	501	0.119543	0.992829
4	1273	501	0.120001	0.992774
4	1274	500	0.115362	0.993324
4	1275	500	0.121565	0.992583
4	1276	500	0.125267	0.992123
4	1277	500	0.126497	0.991967
4	1278	500	0.125267	0.992123
4	1279	500	0.121565	0.992583
4	1280	500	0.115362	0.993324
4	1281	499	0.120001	0.992774
4	1282	499	0.119543	0.992829
4	1283	499	0.115362	0.993324
4	1284	499	0.107451	0.994210
4	1285	499	0.109948	0.993937
4	1286	499	0.109948	0.993937
4	1287	499	0.107451	0.994210
4	1288	499	0.102439	0.994739
4	1289	499	0.094876	0.995489
4	1290	499	0.084714	0.996405
4	1291	498	0.071807	0.997419
4	1292	498	0.070430	0.997517
4	1293	498	0.067770	0.997701
4	1294	498	0.063827	0.997961
4	1295	498	0.058597	0.998282
4	1296	498	0.052075	0.998643
4	1297	498	0.044256	0.999020
4	1298	498	0.035137	0.999383
4	1299	498	0.024717	0.999694
4	1300	498	0.013001	0.999915
4	1301	498	0.000000	1.000000
4	1302	498	0.000000	1.000000
4	1303	498	0.000000	1.000000
4	1304	498	0.000000	1.000000
4	1305	498	0.013001	0.999915
4	1306	498	0.024717	0.999694
4	1307	498	0.035137	0.999383
4	1308	498	0.044256	0.999020
4	1309	498	0.052075	0.998643
4	1310	498	0.058597	0.998282
4	1311	498	0.063827	0.997961
4	1312	498	0.067770	0.997701
4	1313	498	0.070430	0.997517
4	1314	498	0.071807	0.997419
4	1315	497	0.071807	0.997419
4	1316	497	0.070430	0.997517
4	1317	497	0.080674	0.996741
4	1318	497	0.088307	0.996093
4	1319	497	0.093371	0.995631
4	1320	497	0.095894	0.995392
4	1321	497	0.095894	0.995392
4	1322	497	0.093371	0.995631
4	1323	497	0.088307	0.996093
4	1324	497	0.093730	0.995598
4	1325	497	0.095365	0.995442
4	1326	497	0.107293	0.994227
4	1327	496	0.115362	0.993324
4	1328	496	0.121565	0.992583
4	1329	496	0.125267	0.992123
4	1330	496	0.126497	0.991967
4	1331	496	0.125267	0.992123
4	1332	496	0.134346	0.990934
4	1333	496	0.139747	0.990187
4	1334	495	0.141320	0.989964
4	1335	495	0.138353	0.990383
4	1336	495	0.131731	0.991285
4	1337	495	0.121412	0.992602
4	1338	495	0.121412	0.992602
4	1339	495	0.118938	0.992902
4	1340	495	0.113971	0.993484
4	1341	495	0.106472	0.994316
4	1342	494	0.096760	0.995308
4	1343	494	0.096387	0.995344
4	1344	494	0.092225	0.995738
4	1345	494	0.098538	0.995133
4	1346	494	0.102308	0.994753
4	1347	494	0.103562	0.994623
4	1348	494	0.102308	0.994753
4	1349	494	0.098538	0.995133
4	1350	494	0.092225	0.995738
4	1351	494	0.083331	0.996522
4	1352	494	0.071807	0.997419
4	1353	493	0.071807	0.997419
4	1354	493	0.070430	0.997517
4	1355	493	0.080674	0.996741
4	1356	493	0.088307	0.996093
4	1357	493	0.093371	0.995631
4	1358	493	0.095894	0.995392
4	1359	493	0.095894	0.995392
4	1360	493	0.093371	0.995631
4	1361	493	0.088307	0.996093
4	1362	493	0.080674	0.996741
4	1363	493	0.070430	0.997517
4	1364	493	0.084933	0.996387
4	1365	492	0.096263	0.995356
4	1366	492	0.105082	0.994464
4	1367	492	0.111336	0.993783
4	1368	492	0.115069	0.993357
4	1369	492	0.116310	0.993213
4	1370	492	0.115069	0.993357
4	1371	492	0.111336	0.993783
4	1372	492	0.105082	0.994464
4	1373	492	0.096263	0.995356
4	1374	491	0.084933	0.996387
4	1375	491	0.070430	0.997517
4	1376	491	0.067770	0.997701
4	1377	491	0.063827	0.997961
4	1378	491	0.058597	0.998282
4	1379	491	0.052075	0.998643
4	1380	491	0.044256	0.999020
4	1381	491	0.035137	0.999383
4	1382	491	0.024717	0.999694
4	1383	491	0.013001	0.999915
4	1384	491	0.000000	1.000000
4	1385	491	0.000000	1.000000
4	1386	491	0.000000	1.000000
4	1387	491	0.000000	1.000000
4	1388	491	0.000000	1.000000
4	1389	491	0.000000	1.000000
4	1390	491	0.000000	1.000000
4	1391	491	0.000000	1.000000
4	1392	491	0.000000	1.000000
4	1393	491	0.000000	1.000000
4	1394	491	0.000000	1.000000
4	1395	491	0.000000	1.000000
4	1396	491	0.000000	1.000000
4	1397	491	0.000000	1.000000
4	1398	491	0.000000	1.000000
4	1399	491	-0.013001	0.999915
4	1400	491	-0.024717	0.999694
4	1401	491	-0.035137	0.999383
4	1402	491	-0.044256	0.999020
4	1403	491	-0.052075	0.998643
4	1404	491	-0.058597	0.998282
4	1405	491	-0.076941	0.997036
4	1406	491	-0.092700	0.995694
4	1407	491	-0.105893	0.994378
4	1408	491	-0.116546	0.993185
4	1409	492	-0.122956	0.992412
4	1410	492	-0.140612	0.990065
4	1411	492	-0.154425	0.988005
4	1412	492	-0.164534	0.986371
4	1413	492	-0.171050	0.985262
4	1414	492	-0.186799	0.982398
4	1415	493	-0.195738	0.980656
4	1416	493	-0.200262	0.979742
4	1417	493	-0.200262	0.979742
4	1418	493	-0.208212	0.978084
4	1419	493	-0.210583	0.977576
4	1420	494	-0.217572	0.976044
4	1421	494	-0.232967	0.972485
4	1422	494	-0.242816	0.970072
4	1423	494	-0.247373	0.968920
4	1424	495	-0.255937	0.966693
4	1425	495	-0.257979	0.966150
4	1426	495	-0.266533	0.963826
4	1427	495	-0.282078	0.959392
4	1428	496	-0.286928	0.957952
4	1429	496	-0.298598	0.954379
4	1430	496	-0.303661	0.952780
4	1431	497	-0.309738	0.950822
4	1432	497	-0.321871	0.946783
4	1433	497	-0.327733	0.944770
4	1434	498	-0.334076	0.942546
4	1435	498	-0.344844	0.938660
4	1436	498	-0.360955	0.932583
4	1437	499	-0.363784	0.931483
4	1438	499	-0.372364	0.928087
4	1439	500	-0.380863	0.924632
4	1440	500	-0.392031	0.919952
4	1441	500	-0.407659	0.913134
4	1442	501	-0.416902	0.908952
4	1443	501	-0.433039	0.901375
4	1444	502	-0.444213	0.895921
4	1445	502	-0.469473	0.882947
4	1446	503	-0.487631	0.873050
4	1447	503	-0.501395	0.865218
4	1448	504	-0.514326	0.857595
4	1449	504	-0.535093	0.844793
4	1450	505	-0.550591	0.834775
4	1451	506	-0.565742	0.824582
4	1452	506	-0.585605	0.810596
4	1453	507	-0.599325	0.800506
4	1454	508	-0.610850	0.791747
4	1455	509	-0.625391	0.780311
4	1456	510	-0.636691	0.771119
4	1457	510	-0.653629	0.756815
4	1458	511	-0.665840	0.746094
4	1459	512	-0.683257	0.730178
4	1460	513	-0.696249	0.717800
4	1461	514	-0.713391	0.700766
4	1462	515	-0.733867	0.679293
4	1463	516	-0.748802	0.662794
4	1464	517	-0.766089	0.642734
4	1465	518	-0.781229	0.624245
4	1466	519	-0.797562	0.603236
4	1467	520	-0.814094	0.580733
4	1467	521	-0.841011	0.541018
4	1467	522	-0.863673	0.504053
4	1468	523	-0.878729	0.477321
4	1468	524	-0.899920	0.436054
4	1468	525	-0.917770	0.397112
4	1469	526	-0.932359	0.361535
4	1469	527	-0.946807	0.321802
4	1470	528	-0.956698	0.291081
4	1470	529	-0.966539	0.256520
4	1470	530	-0.973441	0.228940
4	1471	531	-0.976349	0.216202
4	1471	532	-0.984185	0.177142
4	1471	533	-0.991075	0.133307
4	1471	534	-0.994978	0.100092
4	1471	535	-0.998701	0.050945
4	1471	536	-1.000000	-0.000000
4	1471	537	-0.998701	-0.050945
4	1471	538	-0.994978	-0.100092
4	1471	539	-0.989113	-0.147157
4	1471	540	-0.981864	-0.189586
4	1471	541	-0.970528	-0.240987
4	1470	542	-0.961518	-0.274743
4	1470	543	-0.946524	-0.322633
4	1470	544	-0.927047	-0.374946
4	1469	545	-0.911367	-0.411595
4	1469	546	-0.887101	-0.461576
4	1468	547	-0.869344	-0.494207
4	1468	548	-0.840218	-0.542249
4	1467	549	-0.820653	-0.571427
4	1467	550	-0.789594	-0.613629
4	1466	551	-0.769976	-0.638073
4	1465	552	-0.751522	-0.659708
4	1464	553	-0.726928	-0.686714
4	1463	554	-0.704933	-0.709274
4	1462	555	-0.682281	-0.731090
4	1461	556	-0.659924	-0.751333
4	1460	557	-0.638299	-0.769788
4	1459	557	-0.599600	-0.800300
4	1458	558	-0.578150	-0.815931
4	1457	559	-0.554879	-0.831931
4	1456	559	-0.526455	-0.850203
4	1455	560	-0.506797	-0.862066
4	1454	560	-0.483466	-0.875363
4	1453	561	-0.466301	-0.884626
4	1452	561	-0.441378	-0.897321
4	1451	562	-0.431457	-0.902134
4	1450	562	-0.415891	-0.909414
4	1449	562	-0.404688	-0.914455
4	1448	563	-0.393098	-0.919496
4	1447	563	-0.382683	-0.923880
4	1446	564	-0.375702	-0.926741
4	1445	564	-0.367929	-0.929854
4	1444	565	-0.366653	-0.930358
4	1443	565	-0.351475	-0.936197
4	1442	565	-0.341672	-0.939819
4	1441	566	-0.326678	-0.945136
4	1440	566	-0.322546	-0.946554
4	1439	566	-0.312205	-0.950015
4	1438	567	-0.296141	-0.955144
4	1437	567	-0.280828	-0.959758
4	1436	567	-0.259290	-0.965799
4	1435	568	-0.258882	-0.965909
4	1434	568	-0.246042	-0.969259
4	1433	568	-0.240432	-0.970666
4	1432	568	-0.229484	-0.973312
4	1431	568	-0.212909	-0.977072
4	1430	569	-0.216142	-0.976362
4	1429	569	-0.211549	-0.977367
4	1428	569	-0.201387	-0.979512
4	1427	569	-0.199135	-0.979972
4	1426	569	-0.192318	-0.981333
4	1425	570	-0.192318	-0.981333
4	1424	570	-0.199135	-0.979972
4	1423	570	-0.201387	-0.979512
4	1422	570	-0.199135	-0.979972
4	1421	570	-0.192318	-0.981333
4	1420	571	-0.180100	-0.983648
4	1419	571	-0.188190	-0.982133
4	1418	571	-0.191622	-0.981469
4	1417	571	-0.190480	-0.981691
4	1416	571	-0.184737	-0.982788
4	1415	572	-0.174037	-0.984739
4	1414	572	-0.171050	-0.985262
4	1413	572	-0.176899	-0.984229
4	1412	572	-0.178062	-0.984019
4	1411	572	-0.174566	-0.984645
4	1410	572	-0.166331	-0.986070
4	1409	573	-0.166331	-0.986070
4	1408	573	-0.162164	-0.986764
4	1407	573	-0.154425	-0.988005
4	1406	573	-0.155620	-0.987817
4	1405	573	-0.152028	-0.988376
4	1404	573	-0.157398	-0.987535
4	1403	574	-0.158987	-0.987281
4	1402	574	-0.156007	-0.987756
4	1401	574	-0.161964	-0.986797
4	1400	574	-0.163149	-0.986601
4	1399	574	-0.159587	-0.987184
4	1398	574	-0.164941	-0.986303
4	1397	574	-0.166743	-0.986000
4	1396	575	-0.163552	-0.986535
4	1395	575	-0.169456	-0.985538
4	1394	575	-0.170630	-0.985335
4	1393	575	-0.167101	-0.985940
4	1392	575	-0.172436	-0.985021
4	1391	576	-0.174037	-0.984739
4	1390	576	-0.171050	-0.985262
4	1389	576	-0.176899	-0.984229
4	1388	576	-0.178062	-0.984019
4	1387	576	-0.174566	-0.984645
4	1386	576	-0.166331	-0.986070
4	1385	577	-0.166331	-0.986070
4	1384	577	-0.162164	-0.986764
4	1383	577	-0.154425	-0.988005
4	1382	577	-0.155620	-0.987817
4	1381	577	-0.152028	-0.988376
4	1380	577	-0.157398	-0.987535
4	1379	578	-0.158987	-0.987281
4	1378	578	-0.156007	-0.987756
4	1377	578	-0.149437	-0.988771
4	1376	578	-0.139222	-0.990261
4	1375	578	-0.125267	-0.992123
4	1374	578	-0.121565	-0.992583
4	1373	578	-0.128210	-0.991747
4	1372	579	-0.131332	-0.991338
4	1371	579	-0.129604	-0.991566
4	1370	579	-0.124192	-0.992258
4	1369	579	-0.115069	-0.993357
4	1368	579	-0.116310	-0.993213
4	1367	579	-0.115069	-0.993357
4	1366	579	-0.111336	-0.993783
4	1365	579	-0.105082	-0.994464
4	1364	579	-0.109256	-0.994014
4	1363	580	-0.109256	-0.994014
4	1362	580	-0.105082	-0.994464
4	1361	580	-0.111336	-0.993783
4	1360	580	-0.115069	-0.993357
4	1359	580	-0.116310	-0.993213
4	1358	580	-0.115069	-0.993357
4	1357	580	-0.111336	-0.993783
4	1356	580	-0.105082	-0.994464
4	1355	580	-0.096263	-0.995356
4	1354	581	-0.097778	-0.995208
4	1353	581	-0.094876	-0.995489
4	1352	581	-0.102439	-0.994739
4	1351	581	-0.107451	-0.994210
4	1350	581	-0.109948	-0.993937
4	1349	581	-0.109948	-0.993937
4	1348	581	-0.107451	-0.994210
4	1347	581	-0.102439	-0.994739
4	1346	581	-0.094876	-0.995489
4	1345	581	-0.084714	-0.996405
4	1344	582	-0.071807	-0.997419
4	1343	582	-0.070430	-0.997517
4	1342	582	-0.067770	-0.997701
4	1341	582	-0.063827	-0.997961
4	1340	582	-0.058597	-0.998282
4	1339	582	-0.052075	-0.998643
4	1338	582	-0.057233	-0.998361
4	1337	582	-0.059808	-0.998210
4	1336	582	-0.059808	-0.998210
4	1335	582	-0.057233	-0.998361
4	1334	582	-0.052075	-0.998643
4	1333	582	-0.058597	-0.998282
4	1332	582	-0.063827	-0.997961
4	1331	582	-0.067770	-0.997701
4	1330	582	-0.070430	-0.997517
4	1329	582	-0.071807	-0.997419
4	1328	583	-0.071807	-0.997419
4	1327	583	-0.070430	-0.997517
4	1326	583	-0.067770	-0.997701
4	1325	583	-0.063827	-0.997961
4	1324	583	-0.058597	-0.998282
4	1323	583	-0.052075	-0.998643
4	1322	583	-0.044256	-0.999020
4	1321	583	-0.035137	-0.999383
4	1320	583	-0.024717	-0.999694
4	1319	583	-0.013001	-0.999915
4	1318	583	-0.000000	-1.000000
4	1317	583	-0.013001	-0.999915
4	1316	583	-0.024717	-0.999694
4	1315	583	-0.035137	-0.999383
4	1314	583	-0.044256	-0.999020
4	1313	583	-0.052075	-0.998643
4	1312	583	-0.058597	-0.998282
4	1311	583	-0.063827	-0.997961
4	1310	583	-0.067770	-0.997701
4	1309	583	-0.070430	-0.997517
4	1308	583	-0.071807	-0.997419
4	1307	584	-0.071807	-0.997419
4	1306	584	-0.070430	-0.997517
4	1305	584	-0.067770	-0.997701
4	1304	584	-0.063827	-0.997961
4	1303	584	-0.058597	-0.998282
4	1302	584	-0.065029	-0.997883
4	1301	584	-0.068877	-0.997625
4	1300	584	-0.070158	-0.997536
4	1299	584	-0.068877	-0.997625
4	1298	584	-0.065029	-0.997883
4	1297	584	-0.058597	-0.998282
4	1296	584	-0.063827	-0.997961
4	1295	584	-0.080883	-0.996724
4	1294	584	-0.095365	-0.995442
4	1293	584	-0.107293	-0.994227
4	1292	585	-0.115362	-0.993324
4	1291	585	-0.121565	-0.992583
4	1290	585	-0.125267	-0.992123
4	1289	585	-0.126497	-0.991967
4	1288	585	-0.138006	-0.990431
4	1287	585	-0.145818	-0.989311
4	1286	585	-0.149997	-0.988686
4	1285	586	-0.149997	-0.988686
4	1284	586	-0.145818	-0.989311
4	1283	586	-0.138006	-0.990431
4	1282	586	-0.126497	-0.991967
4	1281	586	-0.125267	-0.992123
4	1280	586	-0.121565	-0.992583
4	1279	586	-0.115362	-0.993324
4	1278	587	-0.107293	-0.994227
4	1277	587	-0.095365	-0.995442
4	1276	587	-0.080883	-0.996724
4	1275	587	-0.076742	-0.997051
4	1274	587	-0.083117	-0.996540
4	1273	587	-0.086927	-0.996215
4	1272	587	-0.088194	-0.996103
4	1271	587	-0.086927	-0.996215
4	1270	587	-0.083117	-0.996540
4	1269	587	-0.076742	-0.997051
4	1268	587	-0.067770	-0.997701
4	1267	587	-0.070430	-0.997517
4	1266	587	-0.071807	-0.997419
4	1265	588	-0.071807	-0.997419
4	1264	588	-0.070430	-0.997517
4	1263	588	-0.067770	-0.997701
4	1262	588	-0.063827	-0.997961
4	1261	588	-0.058597	-0.998282
4	1260	588	-0.052075	-0.998643
4	1259	588	-0.044256	-0.999020
4	1258	588	-0.035137	-0.999383
4	1257	588	-0.037729	-0.999288
4	1256	588	-0.037729	-0.999288
4	1255	588	-0.035137	-0.999383
4	1254	588	-0.044256	-0.999020
4	1253	588	-0.052075	-0.998643
4	1252	588	-0.058597	-0.998282
4	1251	588	-0.063827	-0.997961
4	1250	588	-0.067770	-0.997701
4	1249	588	-0.070430	-0.997517
4	1248	588	-0.071807	-0.997419
4	1247	589	-0.071807	-0.997419
4	1246	589	-0.070430	-0.997517
4	1245	589	-0.067770	-0.997701
4	1244	589	-0.063827	-0.997961
4	1243	589	-0.071529	-0.997438
4	1242	589	-0.076643	-0.997059
4	1241	589	-0.079194	-0.996859
4	1240	589	-0.079194	-0.996859
4	1239	589	-0.076643	-0.997059
4	1238	589	-0.071529	-0.997438
4	1237	589	-0.063827	-0.997961
4	1236	589	-0.067770	-0.997701
4	1235	589	-0.070430	-0.997517
4	1234	589	-0.071807	-0.997419
4	1233	590	-0.071807	-0.997419
4	1232	590	-0.070430	-0.997517
4	1231	590	-0.067770	-0.997701
4	1230	590	-0.063827	-0.997961
4	1229	590	-0.058597	-0.998282
4	1228	590	-0.052075	-0.998643
4	1227	590	-0.044256	-0.999020
4	1226	590	-0.035137	-0.999383
4	1225	590	-0.024717	-0.999694
4	1224	590	-0.013001	-0.999915
4	1223	590	-0.000000	-1.000000
4	1222	590	-0.000000	-1.000000
4	1221	590	-0.000000	-1.000000
4	1220	590	-0.000000	-1.000000
4	1219	590	-0.000000	-1.000000
4	1218	590	-0.000000	-1.000000
4	1217	590	-0.000000	-1.000000
4	1216	590	-0.000000	-1.000000
4	1215	590	-0.000000	-1.000000
4	1214	590	-0.000000	-1.000000
4	1213	590	-0.000000	-1.000000
4	1212	590	-0.013001	-0.999915
4	1211	590	-0.024717	-0.999694
4	1210	590	-0.035137	-0.999383
4	1209	590	-0.044256	-0.999020
4	1208	590	-0.052075	-0.998643
4	1207	590	-0.058597	-0.998282
4	1206	590	-0.063827	-0.997961
4	1205	590	-0.067770	-0.997701
4	1204	590	-0.070430	-0.997517
4	1203	590	-0.071807	-0.997419
4	1202	591	-0.071807	-0.997419
4	1201	591	-0.070430	-0.997517
4	1200	591	-0.067770	-0.997701
4	1199	591	-0.063827	-0.997961
4	1198	591	-0.058597	-0.998282
4	1197	591	-0.052075	-0.998643
4	1196	591	-0.044256	-0.999020
4	1195	591	-0.035137	-0.999383
4	1194	591	-0.024717	-0.999694
4	1193	591	-0.013001	-0.999915
4	1192	591	-0.000000	-1.000000
4	1191	591	-0.000000	-1.000000
4	1190	591	-0.000000	-1.000000
4	1189	591	-0.000000	-1.000000
4	1188	591	-0.000000	-1.000000
4	1187	591	-0.000000	-1.000000
4	1186	591	-0.000000	-1.000000
4	1185	591	-0.000000	-1.000000
4	1184	591	-0.000000	-1.000000
4	1183	591	-0.000000	-1.000000
4	1182	591	-0.000000	-1.000000
4	1181	591	-0.000000	-1.000000
4	1180	591	-0.013001	-0.999915
4	1179	591	-0.024717	-0.999694
4	1178	591	-0.035137	-0.999383
4	1177	591	-0.044256	-0.999020
4	1176	591	-0.052075	-0.998643
4	1175	591	-0.058597	-0.998282
4	1174	591	-0.063827	-0.997961
4	1173	591	-0.067770	-0.997701
4	1172	591	-0.070430	-0.997517
4	1171	591	-0.071807	-0.997419
4	1170	592	-0.071807	-0.997419
4	1169	592	-0.083331	-0.996522
4	1168	592	-0.092225	-0.995738
4	1167	592	-0.098538	-0.995133
4	1166	592	-0.102308	-0.994753
4	1165	592	-0.103562	-0.994623
4	1164	592	-0.102308	-0.994753
4	1163	592	-0.098538	-0.995133
4	1162	592	-0.092225	-0.995738
4	1161	592	-0.096387	-0.995344
4	1160	592	-0.096760	-0.995308
4	1159	593	-0.106472	-0.994316
4	1158	593	-0.113971	-0.993484
4	1157	593	-0.118938	-0.992902
4	1156	593	-0.121412	-0.992602
4	1155	593	-0.121412	-0.992602
4	1154	593	-0.118938	-0.992902
4	1153	593	-0.126817	-0.991926
4	1152	593	-0.131000	-0.991382
4	1151	594	-0.131000	-0.991382
4	1150	594	-0.126817	-0.991926
4	1149	594	-0.118938	-0.992902
4	1148	594	-0.121412	-0.992602
4	1147	594	-0.121412	-0.992602
4	1146	594	-0.131731	-0.991285
4	1145	594	-0.138353	-0.990383
4	1144	594	-0.141320	-0.989964
4	1143	595	-0.139747	-0.990187
4	1142	595	-0.134346	-0.990934
4	1141	595	-0.125267	-0.992123
4	1140	595	-0.126497	-0.991967
4	1139	595	-0.138006	-0.990431
4	1138	595	-0.145818	-0.989311
4	1137	595	-0.149997	-0.988686
4	1136	596	-0.149997	-0.988686
4	1135	596	-0.145818	-0.989311
4	1134	596	-0.150639	-0.988589
4	1133	596	-0.150639	-0.988589
4	1132	596	-0.159587	-0.987184
4	1131	596	-0.177768	-0.984072
4	1130	596	-0.191188	-0.981553
4	1129	597	-0.196872	-0.980429
4	1128	597	-0.211549	-0.977367
4	1127	597	-0.220542	-0.975378
4	1126	597	-0.236783	-0.971563
4	1125	597	-0.259043	-0.965866
4	1124	598	-0.280828	-0.959758
4	1123	598	-0.299894	-0.953972
4	1122	598	-0.325076	-0.945688
4	1121	599	-0.347063	-0.937842
4	1120	599	-0.376388	-0.926462
4	1119	599	-0.409953	-0.912107
4	1118	600	-0.429630	-0.903005
4	1117	600	-0.460893	-0.887456
4	1116	601	-0.481107	-0.876662
4	1115	601	-0.510974	-0.859596
4	1114	602	-0.527184	-0.849751
4	1113	602	-0.565492	-0.824754
4	1112	603	-0.586247	-0.810132
4	1111	604	-0.605357	-0.795954
4	1110	605	-0.627682	-0.778470
4	1109	606	-0.651230	-0.758880
4	1108	606	-0.675411	-0.737442
4	1107	607	-0.697238	-0.716840
4	1106	608	-0.714433	-0.699704
4	1105	609	-0.735244	-0.677803
4	1104	610	-0.750402	-0.660982
4	1104	611	-0.776462	-0.630164
4	1103	612	-0.794462	-0.607313
4	1102	613	-0.813358	-0.581764
4	1101	614	-0.832050	-0.554700
4	1101	615	-0.861267	-0.508152
4	1100	616	-0.880354	-0.474318
4	1100	617	-0.904512	-0.426448
4	1099	618	-0.919550	-0.392974
4	1099	619	-0.939408	-0.342802
4	1098	620	-0.953031	-0.302874
4	1098	621	-0.969228	-0.246165
4	1098	622	-0.983475	-0.181045
4	1098	623	-0.993720	-0.111894
4	1098	624	-0.999206	-0.039850
4	1098	625	-0.999814	0.019273
4	1098	626	-0.995759	0.091998
4	1098	627	-0.986741	0.162300
4	1098	628	-0.970595	0.240717
4	1098	629	-0.954329	0.298757
4	1099	630	-0.940167	0.340714
4	1099	631	-0.919088	0.394053
4	1099	632	-0.892054	0.451929
4	1100	633	-0.874526	0.484979
4	1101	634	-0.853923	0.520399
4	1101	635	-0.824078	0.566476
4	1102	636	-0.804993	0.593285
4	1103	637	-0.782467	0.622691
4	1104	638	-0.760953	0.648807
4	1104	639	-0.736037	0.676941
4	1105	640	-0.717986	0.696058
4	1106	640	-0.694664	0.719334
4	1107	641	-0.678478	0.734620
4	1108	642	-0.667451	0.744654
4	1109	643	-0.651751	0.758433
4	1110	644	-0.637790	0.770210
4	1111	645	-0.630756	0.775981
4	1112	645	-0.614762	0.788713
4	1113	646	-0.604657	0.796486
4	1114	647	-0.598282	0.801285
4	1115	647	-0.591644	0.806199
4	1116	648	-0.589063	0.808087
4	1117	649	-0.583719	0.811956
4	1118	650	-0.576048	0.817416
4	1119	650	-0.569256	0.822160
4	1120	651	-0.561246	0.827649
4	1121	652	-0.559801	0.828627
4	1122	652	-0.553311	0.832975
4	1123	653	-0.545770	0.837935
4	1124	654	-0.538077	0.842896
4	1125	654	-0.531760	0.846895
4	1126	655	-0.518080	0.855332
4	1127	656	-0.512758	0.858533
4	1128	656	-0.499038	0.866580
4	1129	657	-0.491135	0.871083
4	1130	657	-0.475675	0.879621
4	1131	658	-0.464423	0.885613
4	1132	658	-0.457688	0.889113
4	1133	659	-0.444393	0.895832
4	1134	659	-0.436818	0.899550
4	1135	660	-0.432889	0.901447
4	1136	660	-0.425144	0.905126
4	1137	661	-0.421035	0.907045
4	1138	661	-0.424155	0.905589
4	1139	661	-0.421035	0.907045
4	1140	662	-0.425144	0.905126
4	1141	662	-0.422662	0.906287
4	1142	663	-0.418544	0.908196
4	1143	663	-0.417273	0.908781
4	1144	664	-0.415891	0.909414
4	1145	664	-0.415891	0.909414
4	1146	665	-0.417273	0.908781
4	1147	665	-0.418544	0.908196
4	1148	666	-0.422662	0.906287
4	1149	666	-0.425144	0.905126
4	1150	667	-0.421035	0.907045
4	1151	667	-0.414508	0.910045
4	1152	667	-0.411915	0.911222
4	1153	668	-0.407723	0.913106
4	1154	668	-0.406395	0.913698
4	1155	669	-0.404989	0.914322
4	1156	669	-0.404989	0.914322
4	1157	670	-0.406395	0.913698
4	1158	670	-0.407723	0.913106
4	1159	671	-0.411915	0.911222
4	1160	671	-0.414508	0.910045
4	1161	671	-0.421035	0.907045
4	1162	672	-0.425144	0.905126
4	1163	672	-0.422662	0.906287
4	1164	673	-0.428095	0.903734
4	1165	673	-0.426260	0.904601
4	1166	674	-0.432965	0.901411
4	1167	674	-0.431769	0.901984
4	1168	675	-0.439682	0.898153
4	1169	675	-0.439103	0.898437
4	1170	676	-0.448144	0.893961
4	1171	676	-0.448144	0.893961
4	1172	677	-0.448144	0.893961
4	1173	677	-0.448144	0.893961
4	1174	678	-0.448144	0.893961
4	1175	678	-0.448144	0.893961
4	1176	679	-0.448144	0.893961
4	1177	679	-0.448144	0.893961
4	1178	680	-0.448144	0.893961
4	1179	680	-0.448144	0.893961
4	1180	681	-0.448144	0.893961
4	1181	681	-0.457688	0.889113
4	1182	682	-0.456409	0.889770
4	1183	682	-0.465223	0.885194
4	1184	683	-0.462702	0.886514
4	1185	683	-0.470864	0.882206
4	1186	684	-0.467125	0.884192
4	1187	684	-0.465595	0.884998
4	1188	685	-0.461810	0.886979
4	1189	685	-0.460239	0.887795
4	1190	686	-0.456409	0.889770
4	1191	687	-0.456668	0.889637
4	1192	687	-0.450921	0.892564
4	1193	688	-0.451138	0.892454
4	1194	688	-0.436231	0.899835
4	1195	689	-0.437675	0.899133
4	1196	689	-0.422914	0.906170
4	1197	689	-0.422290	0.906461
4	1198	690	-0.411174	0.911557
4	1199	690	-0.401187	0.915996
4	1200	691	-0.392397	0.919796
4	1201	691	-0.383408	0.923579
4	1202	692	-0.379384	0.925239
4	1203	692	-0.373148	0.927772
4	1204	692	-0.371643	0.928376
4	1205	693	-0.371643	0.928376
4	1206	693	-0.373148	0.927772
4	1207	694	-0.368962	0.929445
4	1208	694	-0.352279	0.935895
4	1209	694	-0.351475	0.936197
4	1210	695	-0.342368	0.939566
4	1211	695	-0.334922	0.942246
4	1212	695	-0.332375	0.943147
4	1213	696	-0.332375	0.943147
4	1214	696	-0.323956	0.946072
4	1215	697	-0.322142	0.946691
4	1216	697	-0.318894	0.947790
4	1217	697	-0.309409	0.950929
4	1218	697	-0.317119	0.948386
4	1219	698	-0.315559	0.948906
4	1220	698	-0.317338	0.948312
4	1221	698	-0.324100	0.946023
4	1222	699	-0.320994	0.947081
4	1223	699	-0.310642	0.950527
4	1224	699	-0.317455	0.948273
4	1225	700	-0.314332	0.949313
4	1226	700	-0.327235	0.944943
4	1227	700	-0.333915	0.942603
4	1228	701	-0.341672	0.939819
4	1229	701	-0.341672	0.939819
4	1230	702	-0.346243	0.938145
4	1231	702	-0.351123	0.936329
4	1232	702	-0.349507	0.936934
4	1233	702	-0.363960	0.931415
4	1234	703	-0.363784	0.931483
4	1235	703	-0.370848	0.928693
4	1236	704	-0.376467	0.926430
4	1237	704	-0.375724	0.926732
4	1238	705	-0.377191	0.926136
4	1239	705	-0.379405	0.925231
4	1240	705	-0.386318	0.922366
4	1241	706	-0.391665	0.920108
4	1242	706	-0.390961	0.920407
4	1243	707	-0.392397	0.919796
4	1244	707	-0.383408	0.923579
4	1245	708	-0.389200	0.921153
4	1246	708	-0.382321	0.924030
4	1247	708	-0.380130	0.924933
4	1248	709	-0.378669	0.925532
4	1249	709	-0.379405	0.925231
4	1250	710	-0.373840	0.927493
4	1251	710	-0.366807	0.930297
4	1252	710	-0.364498	0.931204
4	1253	711	-0.363009	0.931786
4	1254	711	-0.363784	0.931483
4	1255	712	-0.357947	0.933742
4	1256	712	-0.362652	0.931924
4	1257	712	-0.361095	0.932529
4	1258	713	-0.361095	0.932529
4	1259	713	-0.362652	0.931924
4	1260	713	-0.357947	0.933742
4	1261	714	-0.363784	0.931483
4	1262	714	-0.363009	0.931786
4	1263	715	-0.364498	0.931204
4	1264	715	-0.366807	0.930297
4	1265	715	-0.362945	0.931810
4	1266	716	-0.370167	0.928965
4	1267	716	-0.370167	0.928965
4	1268	717	-0.373117	0.927784
4	1269	717	-0.376106	0.926576
4	1270	717	-0.383775	0.923427
4	1271	718	-0.379405	0.925231
4	1272	718	-0.378669	0.925532
4	1273	719	-0.380130	0.924933
4	1274	719	-0.382321	0.924030
4	1275	719	-0.389200	0.921153
4	1276	720	-0.383408	0.923579
4	1277	720	-0.381956	0.924181
4	1278	721	-0.381956	0.924181
4	1279	721	-0.383408	0.923579
4	1280	722	-0.389200	0.921153
4	1281	722	-0.382321	0.924030
4	1282	722	-0.390620	0.920552
4	1283	723	-0.387738	0.921770
4	1284	723	-0.398034	0.917371
4	1285	724	-0.399455	0.916753
4	1286	724	-0.390596	0.920562
4	1287	724	-0.396698	0.917949
4	1288	725	-0.389524	0.921016
4	1289	725	-0.387388	0.921917
4	1290	726	-0.385942	0.922523
4	1291	726	-0.386659	0.922223
4	1292	727	-0.390987	0.920396
4	1293	727	-0.383408	0.923579
4	1294	728	-0.392089	0.919927
4	1295	728	-0.386659	0.922223
4	1296	728	-0.396287	0.918127
4	1297	729	-0.396287	0.918127
4	1298	729	-0.396978	0.917828
4	1299	729	-0.401672	0.915784
4	1300	730	-0.401865	0.915699
4	1301	730	-0.407876	0.913037
4	1302	731	-0.410804	0.911724
4	1303	731	-0.428366	0.903605
4	1304	732	-0.432368	0.901697
4	1305	732	-0.449638	0.893211
4	1306	733	-0.454590	0.890701
4	1307	733	-0.462408	0.886667
4	1308	734	-0.467125	0.884192
4	1309	734	-0.474700	0.880147
4	1310	735	-0.469749	0.882800
4	1311	735	-0.476790	0.879017
4	1312	736	-0.470619	0.882336
4	1313	737	-0.476790	0.879017
4	1314	737	-0.478712	0.877972
4	1315	738	-0.482353	0.875977
4	1316	738	-0.483288	0.875462
4	1317	739	-0.484491	0.874796
4	1318	739	-0.484491	0.874796
4	1319	740	-0.483288	0.875462
4	1320	740	-0.482353	0.875977
4	1321	741	-0.487434	0.873160
4	1322	741	-0.485140	0.874437
4	1323	742	-0.486609	0.873620
4	1324	743	-0.490182	0.871620
4	1325	743	-0.491076	0.871117
4	1326	744	-0.492257	0.870450
4	1327	744	-0.492257	0.870450
4	1328	745	-0.499462	0.866336
4	1329	745	-0.498183	0.867072
4	1330	746	-0.501822	0.864971
4	1331	747	-0.498183	0.867072
4	1332	747	-0.499462	0.866336
4	1333	748	-0.500617	0.865669
4	1334	748	-0.500195	0.865913
4	1335	749	-0.506074	0.862490
4	1336	749	-0.504433	0.863451
4	1337	750	-0.506844	0.862038
4	1338	751	-0.510233	0.860036
4	1339	751	-0.510630	0.859801
4	1340	752	-0.509505	0.860468
4	1341	752	-0.508303	0.861178
4	1342	753	-0.511781	0.859116
4	1343	754	-0.508303	0.861178
4	1344	754	-0.509505	0.860468
4	1345	755	-0.502554	0.864546
4	1346	755	-0.502554	0.864546
4	1347	756	-0.491889	0.870658
4	1348	757	-0.491661	0.870787
4	1349	757	-0.485782	0.874080
4	1350	758	-0.483095	0.875568
4	1351	758	-0.476160	0.879359
4	1352	759	-0.470864	0.882206
4	1353	759	-0.462702	0.886514
4	1354	760	-0.465223	0.885194
4	1355	760	-0.456409	0.889770
4	1356	761	-0.457688	0.889113
4	1357	761	-0.448144	0.893961
4	1358	762	-0.448144	0.893961
4	1359	762	-0.448144	0.893961
4	1360	763	-0.448144	0.893961
4	1361	763	-0.448144	0.893961
4	1362	764	-0.448144	0.893961
4	1363	764	-0.448144	0.893961
4	1364	765	-0.448144	0.893961
4	1365	765	-0.448144	0.893961
4	1366	766	-0.448144	0.893961
4	1367	766	-0.448144	0.893961
4	1368	767	-0.448144	0.893961
4	1369	767	-0.448144	0.893961
4	1370	768	-0.448144	0.893961
4	1371	768	-0.448144	0.893961
4	1372	769	-0.448144	0.893961
4	1373	769	-0.448144	0.893961
4	1374	770	-0.448144	0.893961
4	1375	770	-0.448144	0.893961
4	1376	771	-0.448144	0.893961
4	1377	771	-0.457688	0.889113
4	1378	772	-0.456409	0.889770
4	1379	772	-0.465223	0.885194
4	1380	773	-0.462702	0.886514
4	1381	773	-0.470864	0.882206
4	1382	774	-0.476160	0.879359
4	1383	774	-0.492477	0.870326
4	1384	775	-0.493874	0.869533
4	1385	775	-0.508188	0.861246
4	1386	776	-0.514738	0.857348
4	1387	777	-0.521394	0.853316
4	1388	777	-0.528597	0.848873
4	1389	778	-0.538682	0.842509
4	1390	778	-0.552296	0.833648
4	1391	779	-0.563574	0.826066
4	1392	780	-0.565927	0.824455
4	1393	781	-0.574704	0.818361
4	1394	781	-0.581600	0.813475
4	1395	782	-0.589926	0.807457
4	1396	783	-0.595962	0.803012
4	1397	783	-0.608750	0.793362
4	1398	784	-0.618951	0.785430
4	1399	785	-0.626264	0.779611
4	1400	786	-0.636103	0.771604
4	1401	787	-0.642140	0.766588
4	1402	787	-0.653629	0.756815
4	1403	788	-0.661253	0.750163
4	1404	789	-0.670261	0.742125
4	1405	790	-0.675547	0.737317
4	1406	791	-0.681743	0.731592
4	1407	792	-0.688730	0.725018
4	1408	793	-0.691579	0.722301
4	1409	794	-0.699349	0.714781
4	1410	795	-0.711257	0.702932
4	1411	796	-0.722763	0.691096
4	1412	797	-0.733704	0.679469
4	1413	798	-0.743578	0.668649
4	1414	799	-0.756083	0.654476
4	1415	800	-0.755212	0.655480
4	1416	801	-0.752341	0.658774
4	1417	802	-0.747063	0.664754
4	1418	803	-0.739222	0.673462
4	1418	804	-0.773171	0.634198
4	1418	805	-0.811836	0.583886
4	1419	806	-0.811242	0.584710
4	1420	807	-0.805928	0.592013
4	1420	808	-0.851539	0.524291
4	1420	809	-0.894240	0.447588
5	1188	767	-0.446091	0.894987
5	1189	768	-0.379776	0.925078
5	1190	769	-0.305307	0.952254
5	1191	769	-0.355210	0.934787
5	1192	769	-0.388048	0.921639
5	1193	770	-0.349602	0.936898
5	1194	770	-0.376769	0.926307
5	1195	770	-0.402573	0.915388
5	1196	771	-0.379824	0.925059
5	1197	771	-0.382265	0.924053
5	1198	772	-0.382319	0.924030
5	1199	772	-0.373148	0.927772
5	1200	772	-0.379384	0.925239
5	1201	773	-0.385179	0.922842
5	1202	773	-0.380299	0.924864
5	1203	774	-0.396855	0.917881
5	1204	774	-0.385027	0.922905
5	1205	775	-0.426325	0.904570
5	1206	775	-0.389368	0.921082
5	1207	775	-0.353668	0.935371
5	1208	776	-0.406401	0.913695
5	1209	776	-0.369450	0.929251
5	1210	777	-0.431996	0.901875
6	1210	777	0.183925	0.982940
6	1211	776	0.005291	0.999986
6	1212	776	-0.026220	0.999656
6	1213	775	-0.177705	0.984084
6	1214	775	-0.209962	0.977710
6	1215	775	-0.228774	0.973480
6	1216	775	-0.234762	0.972053
6	1217	775	-0.248862	0.968539
6	1218	776	-0.204607	0.978844
6	1219	776	-0.207591	0.978216
6	1220	777	-0.197885	0.980225
6	1221	777	-0.224608	0.974449
6	1222	777	-0.236193	0.971706
6	1223	777	-0.244427	0.969668
6	1224	778	-0.249278	0.968432
6	1225	778	-0.245758	0.969331
6	1226	778	-0.236981	0.971514
6	1227	779	-0.226189	0.974083
6	1228	779	-0.203334	0.979109
6	1229	779	-0.188877	0.982001
6	1230	779	-0.169665	0.985502
6	1231	779	-0.159587	0.987184
6	1232	779	-0.145818	0.989311
6	1233	779	-0.140965	0.990015
6	1234	780	-0.131332	0.991338
6	1235	780	-0.129604	0.991566
6	1236	780	-0.124192	0.992258
6	1237	780	-0.115069	0.993357
6	1238	780	-0.129115	0.991630
6	1239	780	-0.139397	0.990237
6	1240	780	-0.146000	0.989285
6	1241	780	-0.148975	0.988841
6	1242	780	-0.161385	0.986892
6	1243	781	-0.165920	0.986139
6	1244	781	-0.167101	0.985940
6	1245	781	-0.177115	0.984190
6	1246	781	-0.183582	0.983004
6	1247	781	-0.199203	0.979958
6	1248	782	-0.207963	0.978137
6	1249	782	-0.212403	0.977182
6	1250	782	-0.212403	0.977182
6	1251	782	-0.207963	0.978137
6	1252	783	-0.199203	0.979958
6	1253	783	-0.183582	0.983004
6	1254	783	-0.177115	0.984190
6	1255	783	-0.179441	0.983769
6	1256	783	-0.177115	0.984190
6	1257	784	-0.171138	0.985247
6	1258	784	-0.157594	0.987504
6	1259	784	-0.153418	0.988161
6	1260	784	-0.145636	0.989338
6	1261	784	-0.134178	0.990957
6	1262	784	-0.118938	0.992902
6	1263	784	-0.113971	0.993484
6	1264	784	-0.106472	0.994316
6	1265	785	-0.109536	0.993983
6	1266	785	-0.107863	0.994166
6	1267	785	-0.102439	0.994739
6	1268	785	-0.107451	0.994210
6	1269	785	-0.109948	0.993937
6	1270	785	-0.109948	0.993937
6	1271	785	-0.120328	0.992734
6	1272	785	-0.126977	0.991906
6	1273	785	-0.129933	0.991523
6	1274	785	-0.129189	0.991620
6	1275	786	-0.135739	0.990745
6	1276	786	-0.152028	0.988376
6	1277	786	-0.164534	0.986371
6	1278	786	-0.173397	0.984852
6	1279	786	-0.191406	0.981511
6	1280	786	-0.204712	0.978822
6	1281	787	-0.210188	0.977661
6	1282	787	-0.212403	0.977182
6	1283	787	-0.210188	0.977661
6	1284	787	-0.203483	0.979079
6	1285	788	-0.191406	0.981511
6	1286	788	-0.199374	0.979923
6	1287	788	-0.202752	0.979230
6	1288	788	-0.201629	0.979462
6	1289	789	-0.197644	0.980274
6	1290	789	-0.185415	0.982660
6	1291	789	-0.168487	0.985704
6	1292	789	-0.173184	0.984889
6	1293	789	-0.173184	0.984889
6	1294	789	-0.168487	0.985704
6	1295	789	-0.158987	0.987281
6	1296	790	-0.157398	0.987535
6	1297	790	-0.164534	0.986371
6	1298	790	-0.166896	0.985975
6	1299	790	-0.164534	0.986371
6	1300	790	-0.171050	0.985262
6	1301	790	-0.186799	0.982398
6	1302	791	-0.195738	0.980656
6	1303	791	-0.200262	0.979742
6	1304	791	-0.212656	0.977127
6	1305	791	-0.219446	0.975625
6	1306	791	-0.220753	0.975330
6	1307	792	-0.238041	0.971255
6	1308	792	-0.250956	0.967998
6	1309	792	-0.258566	0.965994
6	1310	792	-0.273264	0.961939
6	1311	793	-0.276663	0.960967
6	1312	793	-0.275683	0.961249
6	1313	793	-0.292960	0.956125
6	1314	794	-0.300778	0.953694
6	1315	794	-0.302625	0.953110
6	1316	794	-0.310399	0.950606
6	1317	795	-0.308832	0.951117
6	1318	795	-0.311543	0.950232
6	1319	795	-0.308832	0.951117
6	1320	796	-0.310399	0.950606
6	1321	796	-0.302625	0.953110
6	1322	796	-0.300778	0.953694
6	1323	797	-0.303929	0.952695
6	1324	797	-0.297021	0.954871
6	1325	797	-0.296087	0.955161
6	1326	798	-0.289784	0.957092
6	1327	798	-0.284696	0.958618
6	1328	798	-0.285656	0.958332
6	1329	798	-0.280828	0.959758
6	1330	799	-0.267835	0.963465
6	1331	799	-0.260305	0.965526
6	1332	799	-0.247561	0.968872
6	1333	800	-0.230567	0.973057
6	1334	800	-0.229213	0.973376
6	1335	800	-0.222464	0.974941
6	1336	800	-0.210188	0.977661
6	1337	801	-0.207968	0.978136
6	1338	801	-0.196925	0.980419
6	1339	801	-0.181263	0.983435
6	1340	801	-0.160777	0.986991
6	1341	801	-0.149437	0.988771
6	1342	801	-0.147026	0.989133
6	1343	801	-0.139747	0.990187
6	1344	802	-0.141320	0.989964
6	1345	802	-0.138353	0.990383
6	1346	802	-0.131731	0.991285
6	1347	802	-0.121412	0.992602
6	1348	802	-0.134178	0.990957
6	1349	802	-0.143216	0.989691
6	1350	802	-0.148603	0.988897
6	1351	802	-0.150373	0.988629
6	1352	803	-0.147210	0.989105
6	1353	803	-0.140612	0.990065
6	1354	803	-0.130341	0.991469
6	1355	803	-0.130341	0.991469
6	1356	803	-0.127887	0.991789
6	1357	803	-0.135739	0.990745
6	1358	804	-0.140453	0.990087
6	1359	804	-0.139923	0.990162
6	1360	804	-0.135739	0.990745
6	1361	804	-0.127887	0.991789
6	1362	804	-0.129115	0.991630
6	1363	804	-0.139397	0.990237
6	1364	804	-0.146000	0.989285
6	1365	804	-0.161978	0.986794
6	1366	804	-0.173179	0.984890
6	1367	805	-0.175949	0.984399
6	1368	805	-0.175949	0.984399
6	1369	805	-0.197348	0.980334
6	1370	805	-0.213926	0.976850
6	1371	805	-0.225941	0.974141
6	1372	806	-0.241485	0.970404
6	1373	806	-0.253305	0.967386
6	1374	806	-0.259879	0.965641
6	1375	807	-0.271428	0.962459
6	1376	807	-0.275376	0.961337
6	1377	807	-0.273408	0.961898
6	1378	807	-0.277897	0.960611
6	1379	808	-0.274699	0.961530
6	1380	808	-0.266233	0.963909
6	1381	808	-0.252564	0.967580
6	1382	809	-0.245561	0.969381
6	1383	809	-0.242044	0.970265
6	1384	809	-0.233239	0.972419
6	1385	810	-0.222341	0.974969
6	1386	810	-0.213580	0.976926
6	1387	810	-0.200338	0.979727
6	1388	810	-0.182424	0.983220
6	1389	810	-0.159587	0.987184
6	1390	810	-0.145818	0.989311
6	1391	810	-0.128210	0.991747
6	1392	811	-0.107293	0.994227
6	1393	811	-0.095365	0.995442
6	1394	811	-0.080883	0.996724
6	1395	811	-0.063827	0.997961
6	1396	811	-0.058597	0.998282
6	1397	811	-0.052075	0.998643
6	1398	811	-0.044256	0.999020
6	1399	811	-0.035137	0.999383
6	1400	811	-0.024717	0.999694
6	1401	811	-0.013001	0.999915
6	1402	811	0.000000	1.000000
6	1403	811	0.000000	1.000000
6	1404	811	0.000000	1.000000
6	1405	811	0.000000	1.000000
6	1406	811	0.013001	0.999915
6	1407	811	0.024717	0.999694
6	1408	811	0.048260	0.998835
6	1409	811	0.069234	0.997600
6	1410	811	0.087601	0.996156
6	1411	811	0.088870	0.996043
6	1412	811	0.087670	0.996150
6	1413	811	0.083271	0.996527
6	1414	811	0.075115	0.997175
6	1415	811	0.063002	0.998013
6	1416	810	0.153520	0.988146
6	1417	810	0.149773	0.988720
6	1418	809	0.267331	0.963605
6	1419	809	0.259290	0.965799
6	1420	809	0.245192	0.969475
7	1210	777	-0.642179	0.766555
7	1210	778	-0.562545	0.826766
7	1211	779	-0.530692	0.847565
7	1212	780	-0.491972	0.870611
7	1213	780	-0.535067	0.844809
7	1214	781	-0.500797	0.865565
7	1215	781	-0.516621	0.856214
7	1216	782	-0.491135	0.871083
7	1217	783	-0.475555	0.879686
7	1218	783	-0.481687	0.876343
7	1219	784	-0.477976	0.878373
7	1220	785	-0.466739	0.884395
7	1221	785	-0.446086	0.894990
7	1222	785	-0.439103	0.898437
7	1223	786	-0.436548	0.899681
7	1224	786	-0.429446	0.903093
7	1225	786	-0.426390	0.904539
7	1226	787	-0.419548	0.907733
7	1227	787	-0.416364	0.909198
7	1228	788	-0.420548	0.907270
7	1229	788	-0.418016	0.908440
7	1230	789	-0.413864	0.910339
7	1231	789	-0.422914	0.906170
7	1232	790	-0.422914	0.906170
7	1233	790	-0.423536	0.905879
7	1234	791	-0.426260	0.904601
7	1235	791	-0.428095	0.903734
7	1236	792	-0.422662	0.906287
7	1237	792	-0.425144	0.905126
7	1238	793	-0.421035	0.907045
7	1239	793	-0.424155	0.905589
7	1240	793	-0.421035	0.907045
7	1241	794	-0.425144	0.905126
7	1242	794	-0.422662	0.906287
7	1243	795	-0.418544	0.908196
7	1244	795	-0.417273	0.908781
7	1245	796	-0.415891	0.909414
7	1246	796	-0.415891	0.909414
7	1247	797	-0.417273	0.908781
7	1248	797	-0.418544	0.908196
7	1249	798	-0.422662	0.906287
7	1250	798	-0.425144	0.905126
7	1251	799	-0.421035	0.907045
7	1252	799	-0.424155	0.905589
7	1253	799	-0.421035	0.907045
7	1254	800	-0.425144	0.905126
7	1255	800	-0.422662	0.906287
7	1256	801	-0.428095	0.903734
7	1257	801	-0.426260	0.904601
7	1258	802	-0.432965	0.901411
7	1259	802	-0.431769	0.901984
7	1260	803	-0.439682	0.898153
7	1261	803	-0.439103	0.898437
7	1262	804	-0.448144	0.893961
7	1263	804	-0.448144	0.893961
7	1264	805	-0.448144	0.893961
7	1265	805	-0.448144	0.893961
7	1266	806	-0.448144	0.893961
7	1267	806	-0.448144	0.893961
7	1268	807	-0.448144	0.893961
7	1269	807	-0.448144	0.893961
7	1270	808	-0.448144	0.893961
7	1271	808	-0.448144	0.893961
7	1272	809	-0.439103	0.898437
7	1273	809	-0.439682	0.898153
7	1274	810	-0.431769	0.901984
7	1275	810	-0.432965	0.901411
7	1276	811	-0.426260	0.904601
7	1277	811	-0.428095	0.903734
7	1278	812	-0.422662	0.906287
7	1279	812	-0.425144	0.905126
7	1280	813	-0.421035	0.907045
7	1281	813	-0.424155	0.905589
7	1282	813	-0.421035	0.907045
7	1283	814	-0.415521	0.909584
7	1284	814	-0.413587	0.910465
7	1285	815	-0.410804	0.911724
7	1286	815	-0.410149	0.912019
7	1287	816	-0.410149	0.912019
7	1288	816	-0.400819	0.916157
7	1289	817	-0.405058	0.914291
7	1290	817	-0.397667	0.917530
7	1291	818	-0.396742	0.917930
7	1292	818	-0.392031	0.919952
7	1293	818	-0.380863	0.924632
7	1294	819	-0.382319	0.924030
7	1295	819	-0.373148	0.927772
7	1296	820	-0.368962	0.929445
7	1297	820	-0.362652	0.931924
7	1298	820	-0.361095	0.932529
7	1299	821	-0.350668	0.936500
7	1300	821	-0.353081	0.935593
7	1301	821	-0.349047	0.937105
7	1302	822	-0.346013	0.938230
7	1303	822	-0.346830	0.937928
7	1304	823	-0.340704	0.940171
7	1305	823	-0.334922	0.942246
7	1306	823	-0.334076	0.942546
7	1307	824	-0.337146	0.941452
7	1308	824	-0.330494	0.943808
7	1309	824	-0.328778	0.944407
7	1310	825	-0.330321	0.943869
7	1311	825	-0.322746	0.946485
7	1312	825	-0.308832	0.951117
7	1313	826	-0.310399	0.950606
7	1314	826	-0.302625	0.953110
7	1315	826	-0.300778	0.953694
7	1316	827	-0.303929	0.952695
7	1317	827	-0.297021	0.954871
7	1318	827	-0.296087	0.955161
7	1319	828	-0.300825	0.953679
7	1320	828	-0.294829	0.955550
7	1321	828	-0.294829	0.955550
7	1322	828	-0.300825	0.953679
7	1323	829	-0.296087	0.955161
7	1324	829	-0.297021	0.954871
7	1325	829	-0.303929	0.952695
7	1326	830	-0.300778	0.953694
7	1327	830	-0.302625	0.953110
7	1328	830	-0.298921	0.954278
7	1329	831	-0.298921	0.954278
7	1330	831	-0.302625	0.953110
7	1331	831	-0.300778	0.953694
7	1332	832	-0.292960	0.956125
7	1333	832	-0.286928	0.957952
7	1334	832	-0.286928	0.957952
7	1335	833	-0.282078	0.959392
7	1336	833	-0.266533	0.963826
7	1337	833	-0.257979	0.966150
7	1338	833	-0.244145	0.969739
7	1339	834	-0.225406	0.974265
7	1340	834	-0.211194	0.977444
7	1341	834	-0.204362	0.978895
7	1342	834	-0.191853	0.981424
7	1343	835	-0.189340	0.981912
7	1344	835	-0.178205	0.983993
7	1345	835	-0.162365	0.986731
7	1346	835	-0.155813	0.987787
7	1347	835	-0.145636	0.989338
7	1348	835	-0.131731	0.991285
7	1349	835	-0.113971	0.993484
7	1350	835	-0.106472	0.994316
7	1351	836	-0.096760	0.995308
7	1352	836	-0.083546	0.996504
7	1353	836	-0.067770	0.997701
7	1354	836	-0.063827	0.997961
7	1355	836	-0.071529	0.997438
7	1356	836	-0.076643	0.997059
7	1357	836	-0.079194	0.996859
7	1358	836	-0.079194	0.996859
7	1359	836	-0.076643	0.997059
7	1360	836	-0.071529	0.997438
7	1361	836	-0.063827	0.997961
7	1362	836	-0.067770	0.997701
7	1363	836	-0.070430	0.997517
7	1364	836	-0.071807	0.997419
7	1365	837	-0.071807	0.997419
7	1366	837	-0.070430	0.997517
7	1367	837	-0.067770	0.997701
7	1368	837	-0.063827	0.997961
7	1369	837	-0.058597	0.998282
7	1370	837	-0.052075	0.998643
7	1371	837	-0.044256	0.999020
7	1372	837	-0.035137	0.999383
7	1373	837	-0.024717	0.999694
7	1374	837	-0.013001	0.999915
7	1375	837	0.000000	1.000000
7	1376	837	0.000000	1.000000
7	1377	837	0.000000	1.000000
7	1378	837	0.000000	1.000000
7	1379	837	0.000000	1.000000
7	1380	837	0.013001	0.999915
7	1381	837	0.024717	0.999694
7	1382	837	0.035137	0.999383
7	1383	837	0.044256	0.999020
7	1384	837	0.052075	0.998643
7	1385	837	0.058597	0.998282
7	1386	837	0.063827	0.997961
7	1387	837	0.067770	0.997701
7	1388	837	0.070430	0.997517
7	1389	837	0.071807	0.997419
7	1390	836	0.071807	0.997419
7	1391	836	0.070430	0.997517
7	1392	836	0.067770	0.997701
7	1393	836	0.063827	0.997961
7	1394	836	0.058597	0.998282
7	1395	836	0.052075	0.998643
7	1396	836	0.057233	0.998361
7	1397	836	0.059808	0.998210
7	1398	836	0.059808	0.998210
7	1399	836	0.057233	0.998361
7	1400	836	0.052075	0.998643
7	1401	836	0.058597	0.998282
7	1402	836	0.063827	0.997961
7	1403	836	0.067770	0.997701
7	1404	836	0.070430	0.997517
7	1405	836	0.084933	0.996387
7	1406	835	0.096263	0.995356
7	1407	835	0.105082	0.994464
7	1408	835	0.124192	0.992258
7	1409	835	0.139397	0.990237
7	1410	835	0.163755	0.986501
7	1411	835	0.196259	0.980552
7	1412	835	0.222607	0.974908
7	1413	835	0.256517	0.966540
7	1414	835	0.297447	0.954738
7	1415	834	0.328466	0.944516
7	1416	834	0.376808	0.926292
7	1417	834	0.441572	0.897226
7	1418	833	0.487397	0.873181
7	1419	833	0.555827	0.831298
7	1420	832	0.602344	0.798236
7	1421	831	0.650657	0.759372
7	1422	831	0.716098	0.697999
7	1423	830	0.755382	0.655285
7	1424	829	0.789895	0.613242
7	1424	828	0.851384	0.524543
7	1424	827	0.896660	0.442720
7	1425	826	0.925564	0.378592
7	1425	825	0.957337	0.288973
7	1425	824	0.977781	0.209627
7	1425	823	0.990361	0.138507
7	1425	822	0.994252	0.107061
7	1425	821	0.997189	0.074933
7	1425	820	0.999089	0.042684
7	1425	819	0.999816	0.019179
7	1425	818	0.999934	0.011518
7	1425	817	1.000000	0.000000
7	1424	816	0.990522	-0.137355
7	1424	815	0.990478	-0.137671
7	1424	814	0.991003	-0.133842
7	1424	813	0.991967	-0.126497
8	1420	809	-0.707107	0.707107
8	1421	810	-0.707107	0.707107
8	1422	811	-0.707107	0.707107
8	1423	812	-0.707107	0.707107
8	1424	813	-0.707107	0.707107
