17
1	1048	1684	-0.470619	-0.882336
1	1047	1685	-0.425388	-0.905011
1	1046	1685	-0.469652	-0.882851
1	1045	1686	-0.429143	-0.903237
1	1044	1686	-0.466066	-0.884750
1	1043	1687	-0.435269	-0.900300
1	1042	1687	-0.475049	-0.879959
1	1041	1688	-0.454523	-0.890735
1	1040	1688	-0.475565	-0.879681
1	1039	1689	-0.464961	-0.885331
1	1038	1689	-0.470864	-0.882206
1	1037	1690	-0.476160	-0.879359
1	1036	1690	-0.483095	-0.875568
1	1035	1691	-0.485782	-0.874080
1	1034	1691	-0.491661	-0.870787
1	1033	1692	-0.491889	-0.870658
1	1032	1693	-0.502554	-0.864546
1	1031	1693	-0.511357	-0.859368
1	1030	1694	-0.525372	-0.850872
1	1029	1694	-0.531798	-0.846871
1	1028	1695	-0.539714	-0.841848
1	1027	1696	-0.547436	-0.836847
1	1026	1696	-0.562074	-0.827087
1	1025	1697	-0.570272	-0.821456
1	1024	1697	-0.589799	-0.807550
1	1023	1698	-0.601437	-0.798920
1	1022	1699	-0.616557	-0.787310
1	1021	1700	-0.634498	-0.772924
1	1020	1701	-0.648762	-0.760992
1	1019	1701	-0.673336	-0.739337
1	1018	1702	-0.687081	-0.726581
1	1017	1703	-0.705620	-0.708591
1	1016	1704	-0.723769	-0.690042
1	1015	1705	-0.740940	-0.671571
1	1014	1706	-0.760515	-0.649320
1	1014	1707	-0.782889	-0.622162
1	1013	1708	-0.800615	-0.599179
1	1012	1709	-0.819067	-0.573697
1	1011	1710	-0.837152	-0.546970
1	1011	1711	-0.865845	-0.500312
1	1010	1712	-0.882093	-0.471076
1	1010	1713	-0.905948	-0.423388
1	1009	1714	-0.923718	-0.383073
1	1009	1715	-0.946083	-0.323924
1	1009	1716	-0.963251	-0.268602
1	1008	1717	-0.975530	-0.219866
1	1008	1718	-0.991201	-0.132365
1	1008	1719	-0.999187	-0.040306
1	1008	1720	-0.998549	0.053858
1	1008	1721	-0.989105	0.147214
1	1008	1722	-0.969022	0.246974
1	1008	1723	-0.939148	0.343513
1	1009	1724	-0.913222	0.407463
1	1009	1725	-0.871800	0.489861
1	1009	1726	-0.820222	0.572045
1	1010	1727	-0.790508	0.612452
1	1011	1728	-0.758449	0.651732
1	1012	1729	-0.722267	0.691615
1	1013	1730	-0.687618	0.726073
1	1014	1731	-0.652392	0.757881
1	1015	1731	-0.598234	0.801322
1	1016	1732	-0.559718	0.828683
1	1017	1733	-0.524460	0.851435
1	1018	1733	-0.472124	0.881532
1	1019	1734	-0.442395	0.896820
1	1020	1734	-0.394227	0.919013
1	1021	1734	-0.349673	0.936872
1	1022	1734	-0.308995	0.951064
1	1023	1735	-0.277316	0.960779
1	1024	1735	-0.242181	0.970231
1	1025	1735	-0.214182	0.976794
1	1026	1735	-0.179880	0.983689
1	1027	1735	-0.153418	0.988161
1	1028	1736	-0.137817	0.990458
1	1029	1736	-0.115141	0.993349
1	1030	1736	-0.103229	0.994658
1	1031	1736	-0.088763	0.996053
1	1032	1736	-0.071715	0.997425
1	1033	1736	-0.052075	0.998643
1	1034	1736	-0.044256	0.999020
1	1035	1736	-0.035137	0.999383
1	1036	1736	-0.024717	0.999694
1	1037	1736	-0.013001	0.999915
1	1038	1736	0.000000	1.000000
1	1039	1736	0.000000	1.000000
1	1040	1736	0.000000	1.000000
1	1041	1736	0.000000	1.000000
1	1042	1736	0.013001	0.999915
1	1043	1736	0.024717	0.999694
1	1044	1736	0.035137	0.999383
1	1045	1736	0.044256	0.999020
1	1046	1736	0.052075	0.998643
1	1047	1736	0.058597	0.998282
1	1048	1736	0.063827	0.997961
1	1049	1736	0.067770	0.997701
1	1050	1736	0.070430	0.997517
1	1051	1736	0.071807	0.997419
1	1052	1735	0.071807	0.997419
1	1053	1735	0.070430	0.997517
1	1054	1735	0.067770	0.997701
1	1055	1735	0.063827	0.997961
1	1056	1735	0.071529	0.997438
1	1057	1735	0.076643	0.997059
1	1058	1735	0.079194	0.996859
1	1059	1735	0.079194	0.996859
1	1060	1735	0.076643	0.997059
1	1061	1735	0.084605	0.996415
1	1062	1735	0.088763	0.996053
1	1063	1735	0.103229	0.994658
1	1064	1735	0.115141	0.993349
1	1065	1735	0.137817	0.990458
1	1066	1734	0.153418	0.988161
1	1067	1734	0.167101	0.985940
1	1068	1734	0.189796	0.981824
1	1069	1734	0.207591	0.978216
1	1070	1734	0.220753	0.975330
1	1071	1733	0.238041	0.971255
1	1072	1733	0.250956	0.967998
1	1073	1733	0.270738	0.962653
1	1074	1733	0.284312	0.958732
1	1075	1732	0.297665	0.954670
1	1076	1732	0.318464	0.947935
1	1077	1732	0.343024	0.939327
1	1078	1731	0.364081	0.931367
1	1079	1731	0.381216	0.924486
1	1080	1731	0.403353	0.915045
1	1081	1730	0.416467	0.909151
1	1082	1730	0.438381	0.898789
1	1083	1729	0.452415	0.891808
1	1084	1729	0.465266	0.885171
1	1085	1728	0.470365	0.882472
1	1086	1727	0.487348	0.873208
1	1087	1727	0.504433	0.863451
1	1088	1726	0.509106	0.860704
1	1089	1726	0.523924	0.851765
1	1090	1725	0.533156	0.846017
1	1091	1724	0.534207	0.845354
1	1092	1724	0.541771	0.840526
1	1093	1723	0.545419	0.838163
1	1094	1723	0.559030	0.829147
1	1095	1722	0.563574	0.826066
1	1096	1721	0.573544	0.819175
1	1097	1720	0.588313	0.808633
1	1098	1720	0.594453	0.804131
1	1099	1719	0.600640	0.799520
1	1100	1718	0.604774	0.796397
1	1101	1718	0.616815	0.787108
1	1102	1717	0.625120	0.780529
1	1103	1716	0.635382	0.772198
1	1104	1715	0.647869	0.761752
1	1105	1714	0.656307	0.754494
1	1106	1713	0.666139	0.745828
1	1107	1712	0.677109	0.735882
1	1108	1712	0.690152	0.723665
1	1109	1711	0.700706	0.713450
1	1110	1710	0.711257	0.702932
1	1111	1709	0.725910	0.687790
1	1112	1708	0.735110	0.677948
1	1112	1707	0.752169	0.658970
1	1113	1706	0.769309	0.638877
1	1114	1705	0.784161	0.620558
1	1115	1704	0.800601	0.599198
1	1116	1703	0.817594	0.575795
1	1117	1702	0.830361	0.557226
1	1117	1701	0.852010	0.523526
1	1118	1700	0.863932	0.503608
1	1118	1699	0.880125	0.474742
1	1119	1698	0.888345	0.459177
1	1119	1697	0.902870	0.429914
1	1119	1696	0.919770	0.392458
1	1120	1695	0.932526	0.361103
1	1120	1694	0.946090	0.323903
1	1120	1693	0.956610	0.291371
1	1121	1692	0.966618	0.256220
1	1121	1691	0.975161	0.221498
1	1121	1690	0.983496	0.180931
1	1122	1689	0.989729	0.142957
1	1122	1688	0.995736	0.092248
1	1122	1687	0.999186	0.040347
1	1122	1686	0.999921	-0.012549
1	1122	1685	0.996833	-0.079518
1	1122	1684	0.991534	-0.129844
1	1122	1683	0.981570	-0.191104
1	1121	1682	0.972659	-0.232238
1	1121	1681	0.960334	-0.278854
1	1121	1680	0.943565	-0.331186
1	1120	1679	0.932778	-0.360453
1	1120	1678	0.919092	-0.394044
1	1119	1677	0.907458	-0.420144
1	1119	1676	0.890922	-0.454156
1	1118	1675	0.877480	-0.479614
1	1118	1674	0.859519	-0.511104
1	1117	1673	0.847081	-0.531464
1	1117	1672	0.828691	-0.559707
1	1116	1671	0.812156	-0.583441
1	1115	1670	0.796015	-0.605276
1	1115	1669	0.773396	-0.633923
1	1114	1668	0.758777	-0.651351
1	1113	1667	0.742239	-0.670136
1	1112	1666	0.724149	-0.689644
1	1111	1665	0.709414	-0.704792
1	1110	1664	0.689666	-0.724128
1	1109	1663	0.674474	-0.738299
1	1108	1662	0.655245	-0.755416
1	1107	1662	0.633802	-0.773496
1	1106	1661	0.614129	-0.789206
1	1105	1660	0.597126	-0.802148
1	1104	1659	0.582346	-0.812941
1	1103	1659	0.555396	-0.831586
1	1102	1658	0.532905	-0.846175
1	1101	1657	0.517136	-0.855903
1	1100	1657	0.487831	-0.872938
1	1099	1656	0.468159	-0.883644
1	1098	1656	0.437461	-0.899238
1	1097	1655	0.418349	-0.908286
1	1096	1655	0.385254	-0.922810
1	1095	1654	0.365432	-0.930838
1	1094	1654	0.334821	-0.942282
1	1093	1654	0.309909	-0.950766
1	1092	1654	0.277588	-0.960700
1	1091	1653	0.265206	-0.964192
1	1090	1653	0.252399	-0.967623
1	1089	1653	0.233239	-0.972419
1	1088	1653	0.221113	-0.975248
1	1087	1653	0.215628	-0.976476
1	1086	1652	0.215628	-0.976476
1	1085	1652	0.208828	-0.977952
1	1084	1652	0.209938	-0.977715
1	1083	1652	0.206600	-0.978426
1	1082	1652	0.211194	-0.977444
1	1081	1651	0.207963	-0.978137
1	1080	1651	0.212403	-0.977182
1	1079	1651	0.212403	-0.977182
1	1078	1651	0.207963	-0.978137
1	1077	1650	0.199203	-0.979958
1	1076	1650	0.195738	-0.980656
1	1075	1650	0.200262	-0.979742
1	1074	1650	0.200262	-0.979742
1	1073	1650	0.195738	-0.980656
1	1072	1649	0.186799	-0.982398
1	1071	1649	0.183358	-0.983046
1	1070	1649	0.187962	-0.982176
1	1069	1649	0.187962	-0.982176
1	1068	1649	0.183358	-0.983046
1	1067	1649	0.174037	-0.984739
1	1066	1648	0.172436	-0.985021
1	1065	1648	0.167101	-0.985940
1	1064	1648	0.158200	-0.987407
1	1063	1648	0.158200	-0.987407
1	1062	1648	0.153418	-0.988161
1	1061	1647	0.158184	-0.987410
1	1060	1647	0.157594	-0.987504
1	1059	1647	0.153418	-0.988161
1	1058	1647	0.145636	-0.989338
1	1057	1647	0.146843	-0.989160
1	1056	1647	0.143216	-0.989691
1	1055	1647	0.148603	-0.988897
1	1054	1647	0.150373	-0.988629
1	1053	1646	0.147210	-0.989105
1	1052	1646	0.140612	-0.990065
1	1051	1646	0.130341	-0.991469
1	1050	1646	0.130341	-0.991469
1	1049	1646	0.127887	-0.991789
1	1048	1646	0.135739	-0.990745
1	1047	1645	0.140453	-0.990087
1	1046	1645	0.139923	-0.990162
1	1045	1645	0.135739	-0.990745
1	1044	1645	0.127887	-0.991789
1	1043	1645	0.116310	-0.993213
1	1042	1645	0.127887	-0.991789
1	1041	1645	0.135739	-0.990745
1	1040	1645	0.139923	-0.990162
1	1039	1645	0.140453	-0.990087
1	1038	1644	0.135739	-0.990745
1	1037	1644	0.127887	-0.991789
1	1036	1644	0.143037	-0.989717
1	1035	1644	0.154425	-0.988005
1	1034	1644	0.162164	-0.986764
1	1033	1644	0.166331	-0.986070
1	1032	1643	0.166331	-0.986070
1	1031	1643	0.162164	-0.986764
1	1030	1643	0.154425	-0.988005
1	1029	1643	0.155620	-0.987817
1	1028	1643	0.152028	-0.988376
1	1027	1643	0.157398	-0.987535
1	1026	1642	0.158987	-0.987281
1	1025	1642	0.156007	-0.987756
1	1024	1642	0.149437	-0.988771
1	1023	1642	0.139222	-0.990261
1	1022	1642	0.125267	-0.992123
1	1021	1642	0.121565	-0.992583
1	1020	1642	0.115362	-0.993324
1	1019	1641	0.120001	-0.992774
1	1018	1641	0.119543	-0.992829
1	1017	1641	0.115362	-0.993324
1	1016	1641	0.107451	-0.994210
1	1015	1641	0.109948	-0.993937
1	1014	1641	0.109948	-0.993937
1	1013	1641	0.107451	-0.994210
1	1012	1641	0.102439	-0.994739
1	1011	1641	0.094876	-0.995489
1	1010	1641	0.084714	-0.996405
1	1009	1640	0.071807	-0.997419
1	1008	1640	0.070430	-0.997517
1	1007	1640	0.067770	-0.997701
1	1006	1640	0.063827	-0.997961
1	1005	1640	0.058597	-0.998282
1	1004	1640	0.052075	-0.998643
1	1003	1640	0.044256	-0.999020
1	1002	1640	0.035137	-0.999383
1	1001	1640	0.024717	-0.999694
1	1000	1640	0.013001	-0.999915
1	999	1640	-0.000000	-1.000000
1	998	1640	-0.000000	-1.000000
1	997	1640	-0.000000	-1.000000
1	996	1640	-0.000000	-1.000000
1	995	1640	0.013001	-0.999915
1	994	1640	0.024717	-0.999694
1	993	1640	0.035137	-0.999383
1	992	1640	0.044256	-0.999020
1	991	1640	0.052075	-0.998643
1	990	1640	0.058597	-0.998282
1	989	1640	0.076941	-0.997036
1	988	1640	0.092700	-0.995694
1	987	1640	0.105893	-0.994378
1	986	1640	0.116546	-0.993185
1	985	1639	0.122956	-0.992412
1	984	1639	0.127887	-0.991789
1	983	1639	0.130341	-0.991469
1	982	1639	0.130341	-0.991469
1	981	1639	0.140612	-0.990065
1	980	1639	0.147210	-0.989105
1	979	1638	0.150373	-0.988629
1	978	1638	0.148603	-0.988897
1	977	1638	0.143216	-0.989691
1	976	1638	0.134178	-0.990957
1	975	1638	0.121412	-0.992602
1	974	1638	0.118938	-0.992902
1	973	1638	0.113971	-0.993484
1	972	1638	0.106472	-0.994316
1	971	1637	0.096760	-0.995308
1	970	1637	0.083546	-0.996504
1	969	1637	0.067770	-0.997701
1	968	1637	0.063827	-0.997961
1	967	1637	0.058597	-0.998282
1	966	1637	0.052075	-0.998643
1	965	1637	0.044256	-0.999020
1	964	1637	0.035137	-0.999383
1	963	1637	0.024717	-0.999694
1	962	1637	0.013001	-0.999915
1	961	1637	-0.000000	-1.000000
1	960	1637	-0.000000	-1.000000
1	959	1637	0.013001	-0.999915
1	958	1637	0.024717	-0.999694
1	957	1637	0.035137	-0.999383
1	956	1637	0.044256	-0.999020
1	955	1637	0.052075	-0.998643
1	954	1637	0.058597	-0.998282
1	953	1637	0.063827	-0.997961
1	952	1637	0.067770	-0.997701
1	951	1637	0.070430	-0.997517
1	950	1637	0.071807	-0.997419
1	949	1636	0.071807	-0.997419
1	948	1636	0.070430	-0.997517
1	947	1636	0.080674	-0.996741
1	946	1636	0.088307	-0.996093
1	945	1636	0.093371	-0.995631
1	944	1636	0.095894	-0.995392
1	943	1636	0.095894	-0.995392
1	942	1636	0.093371	-0.995631
1	941	1636	0.088307	-0.996093
1	940	1636	0.080674	-0.996741
1	939	1636	0.083546	-0.996504
1	938	1636	0.096760	-0.995308
1	937	1635	0.106472	-0.994316
1	936	1635	0.113971	-0.993484
1	935	1635	0.118938	-0.992902
1	934	1635	0.121412	-0.992602
1	933	1635	0.121412	-0.992602
1	932	1635	0.118938	-0.992902
1	931	1635	0.126817	-0.991926
1	930	1635	0.131000	-0.991382
1	929	1634	0.131000	-0.991382
1	928	1634	0.126817	-0.991926
1	927	1634	0.118938	-0.992902
1	926	1634	0.121412	-0.992602
1	925	1634	0.134178	-0.990957
1	924	1634	0.143216	-0.989691
1	923	1634	0.148603	-0.988897
1	922	1634	0.150373	-0.988629
1	921	1633	0.147210	-0.989105
1	920	1633	0.140612	-0.990065
1	919	1633	0.130341	-0.991469
1	918	1633	0.130341	-0.991469
1	917	1633	0.127887	-0.991789
1	916	1633	0.122956	-0.992412
1	915	1632	0.116546	-0.993185
1	914	1632	0.105893	-0.994378
1	913	1632	0.092700	-0.995694
1	912	1632	0.076941	-0.997036
1	911	1632	0.071529	-0.997438
1	910	1632	0.076643	-0.997059
1	909	1632	0.079194	-0.996859
1	908	1632	0.079194	-0.996859
1	907	1632	0.076643	-0.997059
1	906	1632	0.084605	-0.996415
1	905	1632	0.088763	-0.996053
1	904	1632	0.103229	-0.994658
1	903	1632	0.115141	-0.993349
1	902	1632	0.124531	-0.992216
1	901	1631	0.142003	-0.989866
1	900	1631	0.157008	-0.987597
1	899	1631	0.168280	-0.985739
1	898	1631	0.175949	-0.984399
1	897	1631	0.180100	-0.983648
1	896	1630	0.180100	-0.983648
1	895	1630	0.175949	-0.984399
1	894	1630	0.180601	-0.983557
1	893	1630	0.180601	-0.983557
1	892	1630	0.175949	-0.984399
1	891	1629	0.166743	-0.986000
1	890	1629	0.164941	-0.986303
1	889	1629	0.159587	-0.987184
1	888	1629	0.150639	-0.988589
1	887	1629	0.138006	-0.990431
1	886	1629	0.121565	-0.992583
1	885	1629	0.115362	-0.993324
1	884	1628	0.107293	-0.994227
1	883	1628	0.095365	-0.995442
1	882	1628	0.093730	-0.995598
1	881	1628	0.088307	-0.996093
1	880	1628	0.093371	-0.995631
1	879	1628	0.095894	-0.995392
1	878	1628	0.095894	-0.995392
1	877	1628	0.093371	-0.995631
1	876	1628	0.088307	-0.996093
1	875	1628	0.093730	-0.995598
1	874	1628	0.095365	-0.995442
1	873	1628	0.107293	-0.994227
1	872	1627	0.115362	-0.993324
1	871	1627	0.121565	-0.992583
1	870	1627	0.125267	-0.992123
1	869	1627	0.126497	-0.991967
1	868	1627	0.125267	-0.992123
1	867	1627	0.121565	-0.992583
1	866	1627	0.115362	-0.993324
1	865	1626	0.107293	-0.994227
1	864	1626	0.082695	-0.996575
1	863	1626	0.056531	-0.998401
1	862	1626	0.028911	-0.999582
1	861	1626	0.014469	-0.999895
1	860	1626	-0.000000	-1.000000
1	859	1626	-0.014469	-0.999895
1	858	1626	-0.028911	-0.999582
1	857	1626	-0.043299	-0.999062
1	856	1626	-0.057606	-0.998339
1	855	1626	-0.071807	-0.997419
1	854	1627	-0.071807	-0.997419
1	853	1627	-0.070430	-0.997517
1	852	1627	-0.067770	-0.997701
1	851	1627	-0.063827	-0.997961
1	850	1627	-0.058597	-0.998282
1	849	1627	-0.052075	-0.998643
1	848	1627	-0.031326	-0.999509
1	847	1627	-0.010456	-0.999945
1	846	1627	0.010456	-0.999945
1	845	1627	0.031326	-0.999509
1	844	1627	0.052075	-0.998643
1	843	1627	0.058597	-0.998282
1	842	1627	0.063827	-0.997961
1	841	1627	0.067770	-0.997701
1	840	1627	0.083546	-0.996504
1	839	1627	0.110100	-0.993921
1	838	1626	0.131000	-0.991382
1	837	1626	0.148603	-0.988897
1	836	1626	0.149810	-0.988715
1	835	1626	0.148603	-0.988897
1	834	1626	0.144970	-0.989436
1	833	1626	0.138876	-0.990310
1	832	1626	0.130263	-0.991480
1	831	1626	0.119056	-0.992888
1	830	1625	0.117500	-0.993073
1	829	1624	0.116668	-0.993171
1	828	1624	0.106233	-0.994341
1	827	1624	0.119953	-0.992780
1	826	1625	0.127461	-0.991844
1	825	1625	0.121249	-0.992622
1	824	1625	0.112479	-0.993654
1	823	1625	0.114176	-0.993461
1	822	1625	0.112083	-0.993699
1	821	1625	0.106130	-0.994352
1	820	1624	0.093851	-0.995586
1	819	1624	0.106881	-0.994272
1	818	1624	0.129933	-0.991523
1	817	1623	0.151895	-0.988397
1	816	1623	0.168764	-0.985657
1	815	1624	0.169531	-0.985525
1	814	1624	0.167782	-0.985824
1	813	1623	0.159785	-0.987152
1	812	1623	0.162164	-0.986764
1	811	1623	0.159785	-0.987152
1	810	1623	0.152597	-0.988288
1	809	1622	0.166743	-0.986000
1	808	1622	0.174995	-0.984569
1	807	1622	0.166125	-0.986105
1	806	1622	0.167307	-0.985905
1	805	1622	0.166125	-0.986105
1	804	1622	0.148789	-0.988869
1	803	1622	0.140275	-0.990113
1	802	1621	0.140275	-0.990113
1	801	1621	0.136081	-0.990698
1	800	1621	0.128210	-0.991747
1	799	1620	0.119797	-0.992798
1	798	1620	0.117907	-0.993025
1	797	1621	0.111620	-0.993751
1	796	1621	0.105351	-0.994435
1	795	1621	0.096511	-0.995332
1	794	1621	0.098156	-0.995171
1	793	1620	0.095120	-0.995466
1	792	1620	0.101441	-0.994842
1	791	1620	0.116902	-0.993143
1	790	1620	0.128535	-0.991705
1	789	1620	0.136425	-0.990650
1	788	1620	0.154185	-0.988042
1	787	1620	0.169321	-0.985561
1	786	1620	0.181657	-0.983362
1	785	1620	0.189341	-0.981911
1	784	1619	0.199614	-0.979875
1	783	1619	0.207591	-0.978216
1	782	1618	0.222687	-0.974890
1	781	1618	0.231368	-0.972866
1	780	1618	0.247561	-0.968872
1	779	1618	0.258273	-0.966072
1	778	1618	0.263813	-0.964574
1	777	1618	0.264300	-0.964441
1	776	1617	0.266233	-0.963909
1	775	1617	0.260688	-0.965423
1	774	1616	0.270740	-0.962652
1	773	1616	0.267521	-0.963552
1	772	1616	0.251213	-0.967932
1	771	1616	0.241921	-0.970296
1	770	1615	0.317469	-0.948269
1	769	1615	0.297683	-0.954665
1	768	1615	0.265549	-0.964097
1	767	1615	0.221113	-0.975248
1	766	1614	0.296087	-0.955161
2	944	1431	-0.707107	0.707107
2	945	1432	-0.707107	0.707107
3	945	1432	0.000000	1.000000
3	946	1432	-0.025948	0.999663
3	947	1432	-0.048794	0.998809
3	948	1432	-0.067712	0.997705
3	949	1432	-0.081891	0.996641
3	950	1432	-0.090813	0.995868
3	951	1432	-0.094458	0.995529
3	952	1432	-0.112381	0.993665
3	953	1432	-0.120761	0.992682
3	954	1432	-0.121467	0.992596
3	955	1432	-0.116546	0.993185
3	956	1433	-0.122956	0.992412
3	957	1433	-0.127887	0.991789
3	958	1433	-0.130341	0.991469
3	959	1433	-0.143037	0.989717
3	960	1433	-0.152028	0.988376
3	961	1433	-0.157398	0.987535
3	962	1434	-0.158987	0.987281
3	963	1434	-0.156007	0.987756
3	964	1434	-0.149437	0.988771
3	965	1434	-0.139222	0.990261
3	966	1434	-0.138006	0.990431
3	967	1434	-0.145818	0.989311
3	968	1434	-0.149997	0.988686
3	969	1435	-0.149997	0.988686
3	970	1435	-0.158396	0.987376
3	971	1435	-0.161964	0.986797
3	972	1435	-0.160777	0.986991
3	973	1435	-0.168487	0.985704
3	974	1435	-0.185415	0.982660
3	975	1435	-0.197644	0.980274
3	976	1436	-0.201629	0.979462
3	977	1436	-0.215117	0.976588
3	978	1436	-0.222989	0.974821
3	979	1436	-0.225406	0.974265
3	980	1437	-0.244145	0.969739
3	981	1437	-0.257979	0.966150
3	982	1437	-0.266533	0.963826
3	983	1437	-0.282078	0.959392
3	984	1438	-0.286928	0.957952
3	985	1438	-0.298598	0.954379
3	986	1438	-0.303661	0.952780
3	987	1439	-0.320994	0.947081
3	988	1439	-0.332032	0.943268
3	989	1439	-0.336995	0.941506
3	990	1440	-0.341672	0.939819
3	991	1440	-0.351475	0.936197
3	992	1440	-0.366653	0.930358
3	993	1441	-0.367929	0.929854
3	994	1441	-0.375702	0.926741
3	995	1442	-0.382683	0.923880
3	996	1442	-0.393098	0.919496
3	997	1443	-0.394530	0.918883
3	998	1443	-0.406691	0.913566
3	999	1443	-0.412658	0.910886
3	1000	1444	-0.405657	0.914025
3	1001	1444	-0.413587	0.910465
3	1002	1445	-0.410804	0.911724
3	1003	1445	-0.410149	0.912019
3	1004	1446	-0.410149	0.912019
3	1005	1446	-0.410804	0.911724
3	1006	1447	-0.413587	0.910465
3	1007	1447	-0.415521	0.909584
3	1008	1448	-0.421035	0.907045
3	1009	1448	-0.424155	0.905589
3	1010	1448	-0.421035	0.907045
3	1011	1449	-0.425144	0.905126
3	1012	1449	-0.422662	0.906287
3	1013	1450	-0.428095	0.903734
3	1014	1450	-0.426260	0.904601
3	1015	1451	-0.432965	0.901411
3	1016	1451	-0.431769	0.901984
3	1017	1452	-0.439682	0.898153
3	1018	1452	-0.448890	0.893587
3	1019	1453	-0.465735	0.884924
3	1020	1453	-0.483466	0.875363
3	1021	1454	-0.483063	0.875586
3	1022	1454	-0.480232	0.877141
3	1023	1455	-0.488011	0.872837
3	1024	1455	-0.471655	0.881783
3	1025	1456	-0.488798	0.872397
3	1026	1456	-0.457582	0.889168
3	1027	1457	-0.483872	0.875139
3	1028	1458	-0.525731	0.850651
3	1029	1459	-0.560629	0.828067
3	1030	1460	-0.599625	0.800281
4	945	1432	-0.944108	0.329638
4	945	1433	-0.918145	0.396245
4	945	1434	-0.895349	0.445365
4	946	1435	-0.914199	0.405266
4	946	1436	-0.885751	0.464160
4	947	1437	-0.901303	0.433189
4	947	1438	-0.880814	0.473463
4	947	1439	-0.862013	0.506885
4	948	1440	-0.867512	0.497415
4	948	1441	-0.853802	0.520597
4	949	1442	-0.854262	0.519842
4	950	1443	-0.840026	0.542545
4	950	1444	-0.821266	0.570546
4	951	1445	-0.810760	0.585379
4	952	1446	-0.796966	0.604024
4	952	1447	-0.778057	0.628193
4	953	1448	-0.765901	0.642958
4	954	1449	-0.755628	0.655001
4	955	1450	-0.747930	0.663778
4	956	1451	-0.734741	0.678348
4	957	1452	-0.724994	0.688755
4	958	1453	-0.719543	0.694448
4	959	1454	-0.713729	0.700422
4	960	1455	-0.711010	0.703182
4	961	1456	-0.706747	0.707467
4	962	1457	-0.700878	0.713282
4	963	1458	-0.702086	0.712092
4	964	1459	-0.703589	0.710607
4	965	1460	-0.705296	0.708913
4	966	1460	-0.654169	0.756348
4	967	1461	-0.653284	0.757113
4	967	1462	-0.709575	0.704630
5	944	1431	0.962026	0.272956
5	944	1430	0.934654	0.355558
5	944	1429	0.895800	0.444457
5	944	1428	0.849692	0.527280
5	944	1427	0.801452	0.598059
5	945	1426	0.798885	0.601483
5	945	1425	0.751445	0.659796
5	946	1424	0.754234	0.656606
5	946	1423	0.716938	0.697137
5	947	1422	0.719807	0.694174
5	948	1421	0.724626	0.689143
5	949	1420	0.691631	0.722251
5	950	1420	0.648849	0.760917
5	951	1419	0.616198	0.787591
5	952	1418	0.584710	0.811242
5	953	1418	0.541782	0.840519
5	954	1417	0.513058	0.858354
5	955	1416	0.488806	0.872393
5	956	1416	0.447403	0.894332
5	957	1416	0.412749	0.910845
5	958	1415	0.386015	0.922493
5	959	1415	0.361672	0.932305
5	960	1414	0.349702	0.936861
5	961	1414	0.316791	0.948495
5	962	1414	0.289466	0.957188
5	963	1414	0.268136	0.963381
5	964	1413	0.242465	0.970160
5	965	1413	0.217763	0.976002
5	966	1413	0.201227	0.979545
5	967	1413	0.192086	0.981378
5	968	1413	0.177115	0.984190
5	969	1412	0.171138	0.985247
5	970	1412	0.157594	0.987504
5	971	1412	0.153418	0.988161
5	972	1412	0.145636	0.989338
5	973	1412	0.134178	0.990957
5	974	1412	0.118938	0.992902
5	975	1412	0.113971	0.993484
5	976	1412	0.106472	0.994316
5	977	1411	0.096760	0.995308
5	978	1411	0.083546	0.996504
5	979	1411	0.067770	0.997701
5	980	1411	0.063827	0.997961
5	981	1411	0.058597	0.998282
5	982	1411	0.052075	0.998643
5	983	1411	0.044256	0.999020
5	984	1411	0.035137	0.999383
5	985	1411	0.024717	0.999694
5	986	1411	0.013001	0.999915
5	987	1411	0.000000	1.000000
5	988	1411	0.000000	1.000000
5	989	1411	0.000000	1.000000
5	990	1411	0.000000	1.000000
5	991	1411	0.000000	1.000000
5	992	1411	0.000000	1.000000
5	993	1411	0.000000	1.000000
5	994	1411	0.000000	1.000000
5	995	1411	-0.013001	0.999915
5	996	1411	-0.024717	0.999694
5	997	1411	-0.035137	0.999383
5	998	1411	-0.044256	0.999020
5	999	1411	-0.052075	0.998643
5	1000	1411	-0.058597	0.998282
5	1001	1411	-0.063827	0.997961
5	1002	1411	-0.080883	0.996724
5	1003	1411	-0.095365	0.995442
5	1004	1411	-0.107293	0.994227
5	1005	1412	-0.115362	0.993324
5	1006	1412	-0.121565	0.992583
5	1007	1412	-0.125267	0.992123
5	1008	1412	-0.126497	0.991967
5	1009	1412	-0.125267	0.992123
5	1010	1412	-0.121565	0.992583
5	1011	1412	-0.115362	0.993324
5	1012	1413	-0.107293	0.994227
5	1013	1413	-0.095365	0.995442
5	1014	1413	-0.080883	0.996724
5	1015	1413	-0.063827	0.997961
5	1016	1413	-0.058597	0.998282
5	1017	1413	-0.052075	0.998643
5	1018	1413	-0.057233	0.998361
5	1019	1413	-0.059808	0.998210
5	1020	1413	-0.059808	0.998210
5	1021	1413	-0.057233	0.998361
5	1022	1413	-0.052075	0.998643
5	1023	1413	-0.058597	0.998282
5	1024	1413	-0.063827	0.997961
5	1025	1413	-0.067770	0.997701
5	1026	1413	-0.070430	0.997517
5	1027	1413	-0.071807	0.997419
5	1028	1414	-0.071807	0.997419
5	1029	1414	-0.083331	0.996522
5	1030	1414	-0.092225	0.995738
5	1031	1414	-0.098538	0.995133
5	1032	1414	-0.102308	0.994753
5	1033	1414	-0.103562	0.994623
5	1034	1414	-0.102308	0.994753
5	1035	1414	-0.098538	0.995133
5	1036	1414	-0.092225	0.995738
5	1037	1414	-0.083331	0.996522
5	1038	1414	-0.084933	0.996387
5	1039	1415	-0.096263	0.995356
5	1040	1415	-0.105082	0.994464
5	1041	1415	-0.111336	0.993783
5	1042	1415	-0.115069	0.993357
5	1043	1415	-0.116310	0.993213
5	1044	1415	-0.115069	0.993357
5	1045	1415	-0.111336	0.993783
5	1046	1415	-0.117998	0.993014
5	1047	1415	-0.120940	0.992660
5	1048	1416	-0.119391	0.992847
5	1049	1416	-0.113971	0.993484
5	1050	1416	-0.118938	0.992902
5	1051	1416	-0.121412	0.992602
5	1052	1416	-0.121412	0.992602
5	1053	1416	-0.131731	0.991285
5	1054	1416	-0.138353	0.990383
5	1055	1416	-0.141320	0.989964
5	1056	1417	-0.139747	0.990187
5	1057	1417	-0.134346	0.990934
5	1058	1417	-0.125267	0.992123
5	1059	1417	-0.139222	0.990261
5	1060	1417	-0.149437	0.988771
5	1061	1417	-0.156007	0.987756
5	1062	1417	-0.158987	0.987281
5	1063	1418	-0.169874	0.985466
5	1064	1418	-0.175734	0.984438
5	1065	1418	-0.176899	0.984229
5	1066	1418	-0.173397	0.984852
5	1067	1418	-0.178716	0.983901
5	1068	1418	-0.193255	0.981149
5	1069	1419	-0.200503	0.979693
5	1070	1419	-0.203873	0.978997
5	1071	1419	-0.215117	0.976588
5	1072	1419	-0.220803	0.975318
5	1073	1420	-0.219186	0.975683
5	1074	1420	-0.224636	0.974443
5	1075	1420	-0.237766	0.971323
5	1076	1420	-0.245475	0.969403
5	1077	1420	-0.247945	0.968774
5	1078	1421	-0.253305	0.967386
5	1079	1421	-0.253305	0.967386
5	1080	1421	-0.259879	0.965641
5	1081	1422	-0.271428	0.962459
5	1082	1422	-0.275376	0.961337
5	1083	1422	-0.273408	0.961898
5	1084	1422	-0.289784	0.957092
5	1085	1423	-0.296087	0.955161
5	1086	1423	-0.297021	0.954871
5	1087	1423	-0.303929	0.952695
5	1088	1424	-0.300778	0.953694
5	1089	1424	-0.302625	0.953110
5	1090	1424	-0.298921	0.954278
5	1091	1425	-0.298921	0.954278
5	1092	1425	-0.302625	0.953110
5	1093	1425	-0.300778	0.953694
5	1094	1426	-0.292960	0.956125
5	1095	1426	-0.286928	0.957952
5	1096	1426	-0.286928	0.957952
5	1097	1427	-0.282078	0.959392
5	1098	1427	-0.277949	0.960596
5	1099	1427	-0.279897	0.960030
5	1100	1427	-0.275990	0.961161
5	1101	1428	-0.264523	0.964379
5	1102	1428	-0.257979	0.966150
5	1103	1428	-0.257979	0.966150
5	1104	1428	-0.251820	0.967774
5	1105	1429	-0.250209	0.968192
5	1106	1429	-0.254332	0.967117
5	1107	1429	-0.252276	0.967655
5	1108	1430	-0.257108	0.966383
5	1109	1430	-0.265230	0.964185
5	1110	1430	-0.267233	0.963632
5	1111	1430	-0.275313	0.961355
5	1112	1430	-0.288822	0.957383
5	1113	1431	-0.290417	0.956900
5	1114	1431	-0.300175	0.953884
5	1115	1431	-0.303392	0.952866
5	1116	1432	-0.317673	0.948200
5	1117	1432	-0.327051	0.945007
5	1118	1432	-0.341967	0.939712
5	1119	1433	-0.353433	0.935460
5	1120	1433	-0.361451	0.932391
5	1121	1434	-0.371643	0.928376
5	1122	1434	-0.383772	0.923428
5	1123	1434	-0.389221	0.921145
5	1124	1435	-0.401865	0.915699
5	1125	1435	-0.409202	0.912444
5	1126	1436	-0.414879	0.909877
5	1127	1436	-0.433488	0.901160
5	1128	1437	-0.440055	0.897971
5	1129	1437	-0.448707	0.893679
5	1130	1437	-0.470721	0.882282
5	1131	1438	-0.471982	0.881608
5	1132	1439	-0.485323	0.874335
5	1133	1439	-0.501242	0.865307
5	1134	1440	-0.511357	0.859368
5	1135	1440	-0.524642	0.851323
5	1136	1441	-0.529659	0.848211
5	1137	1442	-0.542760	0.839888
5	1138	1442	-0.561481	0.827490
5	1139	1443	-0.579553	0.814935
5	1140	1444	-0.595889	0.803067
5	1141	1444	-0.616649	0.787238
5	1142	1445	-0.633989	0.773342
5	1143	1446	-0.658077	0.752950
5	1144	1447	-0.677738	0.735304
5	1145	1447	-0.707794	0.706419
5	1146	1448	-0.728870	0.684652
5	1147	1449	-0.752589	0.658491
5	1147	1450	-0.791631	0.610999
5	1148	1451	-0.817116	0.576473
5	1149	1452	-0.845041	0.534702
5	1149	1453	-0.884647	0.466261
5	1150	1454	-0.908188	0.418562
5	1150	1455	-0.941811	0.336142
5	1151	1456	-0.960885	0.276949
5	1151	1457	-0.982868	0.184310
5	1151	1458	-0.995204	0.097818
5	1151	1459	-0.999960	0.008901
5	1151	1460	-0.997894	-0.064869
5	1151	1461	-0.988535	-0.150991
5	1150	1462	-0.976187	-0.216930
5	1150	1463	-0.958107	-0.286410
5	1150	1464	-0.933458	-0.358686
5	1149	1465	-0.914929	-0.403616
5	1149	1466	-0.887101	-0.461576
5	1148	1467	-0.869344	-0.494207
5	1148	1468	-0.842809	-0.538212
5	1147	1469	-0.826350	-0.563157
5	1147	1470	-0.805534	-0.592550
5	1146	1471	-0.807399	-0.590006
5	1145	1472	-0.806610	-0.591084
5	1144	1473	-0.797281	-0.603608
5	1143	1474	-0.785467	-0.618904
5	1142	1475	-0.773683	-0.633573
5	1141	1476	-0.755774	-0.654832
5	1140	1477	-0.742007	-0.670392
5	1139	1478	-0.725525	-0.688196
5	1138	1479	-0.716470	-0.697618
5	1138	1480	-0.758223	-0.651995
6	944	1431	-0.049426	-0.998778
6	943	1431	-0.069977	-0.997549
6	942	1431	-0.087078	-0.996202
6	941	1431	-0.099994	-0.994988
6	940	1431	-0.131906	-0.991262
6	939	1431	-0.153561	-0.988139
6	938	1431	-0.165003	-0.986293
6	937	1431	-0.186045	-0.982541
6	936	1431	-0.193975	-0.981006
6	935	1432	-0.172891	-0.984941
6	934	1432	-0.188648	-0.982045
6	933	1432	-0.208711	-0.977977
6	932	1432	-0.236783	-0.971563
6	931	1432	-0.259043	-0.965866
6	930	1433	-0.280828	-0.959758
6	929	1433	-0.299894	-0.953972
6	928	1433	-0.325076	-0.945688
6	927	1434	-0.335611	-0.942001
6	926	1434	-0.354401	-0.935093
6	925	1434	-0.366496	-0.930419
6	924	1435	-0.383411	-0.923578
6	923	1435	-0.398499	-0.917169
6	922	1436	-0.410804	-0.911724
6	921	1436	-0.428366	-0.903605
6	920	1437	-0.432368	-0.901697
6	919	1437	-0.449638	-0.893211
6	918	1438	-0.463963	-0.885854
6	917	1438	-0.471111	-0.882074
6	916	1439	-0.483288	-0.875462
6	915	1439	-0.498860	-0.866683
6	914	1440	-0.499038	-0.866580
6	913	1440	-0.512758	-0.858533
6	912	1441	-0.518080	-0.855332
6	911	1442	-0.531760	-0.846895
6	910	1442	-0.538077	-0.842896
6	909	1443	-0.545770	-0.837935
6	908	1444	-0.553311	-0.832975
6	907	1444	-0.567631	-0.823283
6	906	1445	-0.575617	-0.817719
6	905	1446	-0.581390	-0.813625
6	904	1446	-0.587459	-0.809254
6	903	1447	-0.593027	-0.805183
6	902	1448	-0.596479	-0.802628
6	901	1449	-0.603963	-0.797013
6	900	1449	-0.609740	-0.792602
6	899	1450	-0.608964	-0.793198
6	898	1451	-0.612141	-0.790749
6	897	1452	-0.619086	-0.785323
6	896	1453	-0.622855	-0.782337
6	895	1453	-0.629192	-0.777250
6	894	1454	-0.636103	-0.771604
6	893	1455	-0.639399	-0.768875
6	892	1456	-0.638709	-0.769449
6	891	1457	-0.640774	-0.767730
6	890	1457	-0.646375	-0.763020
6	889	1458	-0.645516	-0.763747
6	888	1459	-0.646660	-0.762778
6	887	1460	-0.649763	-0.760137
6	886	1461	-0.654725	-0.755867
6	885	1462	-0.661394	-0.750038
6	884	1463	-0.663831	-0.747883
6	883	1464	-0.667427	-0.744676
6	882	1464	-0.672903	-0.739731
6	881	1465	-0.677541	-0.735485
6	880	1466	-0.683117	-0.730309
6	879	1467	-0.684477	-0.729034
6	878	1468	-0.686355	-0.727267
6	877	1469	-0.688730	-0.725018
6	876	1470	-0.691579	-0.722301
6	875	1471	-0.694874	-0.719131
6	874	1472	-0.698584	-0.715528
6	873	1473	-0.702674	-0.711512
6	872	1474	-0.707107	-0.707107
6	871	1475	-0.707107	-0.707107
6	870	1476	-0.707107	-0.707107
6	869	1477	-0.707107	-0.707107
6	868	1478	-0.707107	-0.707107
6	867	1479	-0.707107	-0.707107
6	866	1480	-0.707107	-0.707107
6	865	1481	-0.707107	-0.707107
6	864	1482	-0.707107	-0.707107
6	863	1483	-0.702674	-0.711512
6	862	1484	-0.698584	-0.715528
6	861	1485	-0.694874	-0.719131
6	860	1486	-0.691579	-0.722301
6	859	1487	-0.684193	-0.729301
6	858	1488	-0.677541	-0.735485
6	857	1489	-0.671746	-0.740782
6	856	1490	-0.666921	-0.745128
6	855	1491	-0.658336	-0.752724
6	854	1492	-0.651218	-0.758890
6	853	1492	-0.639690	-0.768633
6	852	1493	-0.634284	-0.773100
6	851	1494	-0.625088	-0.780554
6	850	1495	-0.618494	-0.785789
6	849	1495	-0.611980	-0.790874
6	848	1496	-0.608818	-0.793310
6	847	1497	-0.602332	-0.798246
6	846	1498	-0.599813	-0.800140
6	845	1498	-0.599813	-0.800140
6	844	1499	-0.602332	-0.798246
6	843	1500	-0.608818	-0.793310
6	842	1501	-0.605584	-0.795782
6	841	1501	-0.605408	-0.795915
6	840	1502	-0.607051	-0.794663
6	839	1503	-0.612613	-0.790383
6	838	1504	-0.619651	-0.784878
6	837	1504	-0.634309	-0.773079
6	836	1505	-0.633104	-0.774067
6	835	1506	-0.637707	-0.770279
6	834	1507	-0.639955	-0.768412
6	833	1508	-0.647688	-0.761906
6	832	1508	-0.617435	-0.786622
6	831	1509	-0.627165	-0.778886
6	830	1510	-0.630891	-0.775872
6	829	1511	-0.639149	-0.769083
6	829	1512	-0.707107	-0.707107
6	829	1513	-0.778015	-0.628246
7	1030	1460	-0.366398	0.930458
7	1031	1461	-0.284071	0.958803
7	1032	1461	-0.336715	0.941606
7	1033	1462	-0.270421	0.962742
7	1034	1462	-0.304326	0.952568
7	1035	1462	-0.323774	0.946134
7	1036	1462	-0.347704	0.937604
7	1037	1463	-0.307669	0.951493
7	1038	1463	-0.328317	0.944568
7	1039	1463	-0.333569	0.942726
7	1040	1464	-0.323084	0.946370
7	1041	1464	-0.323084	0.946370
7	1042	1465	-0.333569	0.942726
7	1043	1465	-0.328317	0.944568
7	1044	1465	-0.325458	0.945556
7	1045	1465	-0.309110	0.951026
7	1046	1466	-0.348372	0.937356
7	1047	1466	-0.310620	0.950534
7	1048	1467	-0.379865	0.925042
7	1049	1467	-0.343019	0.939328
7	1050	1467	-0.291047	0.956709
7	1051	1468	-0.372396	0.928074
8	1030	1460	-0.180648	-0.983548
8	1029	1461	-0.028835	-0.999584
8	1028	1462	0.114116	-0.993467
8	1027	1462	0.111840	-0.993726
8	1026	1462	0.105435	-0.994426
8	1025	1462	0.095155	-0.995462
8	1024	1461	0.008492	-0.999964
8	1023	1461	0.013458	-0.999909
8	1022	1461	0.034245	-0.999413
8	1021	1461	0.048098	-0.998843
8	1020	1461	0.056163	-0.998422
8	1019	1461	0.083117	-0.996540
8	1018	1461	0.095894	-0.995392
8	1017	1461	0.093371	-0.995631
8	1016	1461	0.088307	-0.996093
8	1015	1461	0.080674	-0.996741
8	1014	1461	0.057456	-0.998348
8	1013	1461	0.047087	-0.998891
8	1012	1460	0.036912	-0.999319
8	1011	1460	0.026392	-0.999652
8	1010	1460	0.015846	-0.999874
8	1009	1460	0.005284	-0.999986
8	1008	1460	-0.005284	-0.999986
8	1007	1460	-0.015846	-0.999874
8	1006	1460	-0.026392	-0.999652
8	1005	1460	-0.036912	-0.999319
8	1004	1461	-0.047087	-0.998891
8	1003	1461	-0.057456	-0.998348
8	1002	1461	-0.067770	-0.997701
8	1001	1461	-0.063827	-0.997961
8	1000	1461	-0.058597	-0.998282
8	999	1461	-0.052075	-0.998643
8	998	1461	-0.044256	-0.999020
8	997	1461	-0.035137	-0.999383
8	996	1461	-0.024717	-0.999694
8	995	1461	-0.013001	-0.999915
8	994	1461	-0.000000	-1.000000
8	993	1461	-0.013001	-0.999915
8	992	1461	-0.024717	-0.999694
8	991	1461	-0.035137	-0.999383
8	990	1461	-0.044256	-0.999020
8	989	1461	-0.052075	-0.998643
8	988	1461	-0.071715	-0.997425
8	987	1461	-0.088763	-0.996053
8	986	1461	-0.116546	-0.993185
8	985	1461	-0.116398	-0.993203
8	984	1461	-0.112452	-0.993657
8	983	1462	-0.151693	-0.988428
8	982	1462	-0.156640	-0.987656
8	981	1462	-0.155998	-0.987757
8	980	1462	-0.149042	-0.988831
8	979	1462	-0.135653	-0.990756
8	978	1463	-0.242397	-0.970177
8	977	1463	-0.225454	-0.974254
8	976	1464	-0.330321	-0.943869
9	967	1462	-0.284607	0.958644
9	968	1463	-0.164654	0.986351
9	969	1463	-0.197628	0.980277
9	970	1463	-0.225762	0.974182
9	971	1464	-0.171472	0.985189
9	972	1464	-0.224733	0.974420
9	973	1464	-0.225762	0.974182
9	974	1464	-0.197628	0.980277
9	975	1464	-0.164654	0.986351
9	976	1464	-0.136345	0.990661
10	967	1462	-0.421150	-0.906991
10	966	1463	-0.332032	-0.943268
10	965	1464	-0.234010	-0.972234
10	964	1464	-0.274255	-0.961657
10	963	1465	-0.205012	-0.978760
10	962	1465	-0.233072	-0.972460
10	961	1465	-0.248317	-0.968679
10	960	1465	-0.269429	-0.963020
10	959	1465	-0.276327	-0.961064
10	958	1466	-0.257849	-0.966185
10	957	1466	-0.256229	-0.966616
10	956	1466	-0.231898	-0.972740
10	955	1466	-0.226515	-0.974008
10	954	1467	-0.226515	-0.974008
10	953	1467	-0.219762	-0.975554
10	952	1467	-0.232967	-0.972485
10	951	1467	-0.240711	-0.970597
10	950	1468	-0.242325	-0.970195
10	949	1468	-0.236706	-0.971581
10	948	1468	-0.237766	-0.971323
10	947	1468	-0.245475	-0.969403
10	946	1468	-0.247945	-0.968774
10	945	1469	-0.241485	-0.970404
10	944	1469	-0.230558	-0.973059
10	943	1469	-0.239376	-0.970927
10	942	1470	-0.242606	-0.970125
10	941	1470	-0.238041	-0.971255
10	940	1470	-0.240154	-0.970735
10	939	1470	-0.248885	-0.968533
10	938	1471	-0.252109	-0.967699
10	937	1471	-0.247561	-0.968872
10	936	1471	-0.249636	-0.968340
10	935	1471	-0.245475	-0.969403
10	934	1471	-0.247945	-0.968774
10	933	1472	-0.253305	-0.967386
10	932	1472	-0.253305	-0.967386
10	931	1472	-0.259879	-0.965641
10	930	1473	-0.271428	-0.962459
10	929	1473	-0.275376	-0.961337
10	928	1473	-0.273408	-0.961898
10	927	1473	-0.289784	-0.957092
10	926	1474	-0.296087	-0.955161
10	925	1474	-0.297021	-0.954871
10	924	1474	-0.292320	-0.956321
10	923	1475	-0.290735	-0.956804
10	922	1475	-0.293570	-0.955938
10	921	1475	-0.290735	-0.956804
10	920	1476	-0.292320	-0.956321
10	919	1476	-0.297021	-0.954871
10	918	1476	-0.296087	-0.955161
10	917	1477	-0.300825	-0.953679
10	916	1477	-0.294829	-0.955550
10	915	1477	-0.306354	-0.951918
10	914	1477	-0.311395	-0.950281
10	913	1478	-0.305112	-0.952316
10	912	1478	-0.316450	-0.948609
10	911	1478	-0.321463	-0.946922
10	910	1479	-0.315226	-0.949017
10	909	1479	-0.326371	-0.945242
10	908	1479	-0.331351	-0.943508
10	907	1480	-0.325164	-0.945657
10	906	1480	-0.336110	-0.941823
10	905	1481	-0.340704	-0.940171
10	904	1481	-0.345663	-0.938359
10	903	1481	-0.344021	-0.938962
10	902	1482	-0.356088	-0.934452
10	901	1482	-0.358461	-0.933545
10	900	1482	-0.354493	-0.935059
10	899	1483	-0.361875	-0.932227
10	898	1483	-0.361875	-0.932227
10	897	1483	-0.366653	-0.930358
10	896	1484	-0.367929	-0.929854
10	895	1484	-0.375702	-0.926741
10	894	1485	-0.382683	-0.923880
10	893	1485	-0.393098	-0.919496
10	892	1486	-0.394530	-0.918883
10	891	1486	-0.406691	-0.913566
10	890	1486	-0.412658	-0.910886
10	889	1487	-0.415521	-0.909584
10	888	1487	-0.422662	-0.906287
10	887	1488	-0.428095	-0.903734
10	886	1488	-0.426260	-0.904601
10	885	1489	-0.432965	-0.901411
10	884	1489	-0.431769	-0.901984
10	883	1490	-0.439682	-0.898153
10	882	1490	-0.439103	-0.898437
10	881	1491	-0.448144	-0.893961
10	880	1491	-0.448144	-0.893961
10	879	1492	-0.448144	-0.893961
10	878	1492	-0.448144	-0.893961
10	877	1493	-0.439103	-0.898437
10	876	1493	-0.439682	-0.898153
10	875	1494	-0.441005	-0.897505
10	874	1494	-0.441580	-0.897222
10	873	1495	-0.433710	-0.901052
10	872	1495	-0.434897	-0.900480
10	871	1496	-0.428230	-0.903670
10	870	1496	-0.430050	-0.902805
10	869	1497	-0.434084	-0.900873
10	868	1497	-0.435859	-0.900015
10	867	1497	-0.431686	-0.902024
10	866	1498	-0.432965	-0.901411
10	865	1499	-0.438311	-0.898823
10	864	1499	-0.440632	-0.897688
10	863	1499	-0.437138	-0.899395
10	862	1500	-0.439682	-0.898153
10	861	1500	-0.436763	-0.899577
10	860	1501	-0.440632	-0.897688
10	859	1502	-0.439435	-0.898274
10	858	1502	-0.443467	-0.896290
10	857	1502	-0.441752	-0.897137
10	856	1503	-0.437775	-0.899084
10	855	1504	-0.437888	-0.899030
10	854	1504	-0.442525	-0.896756
10	853	1504	-0.441378	-0.897321
10	852	1505	-0.438730	-0.898619
10	851	1505	-0.437564	-0.899187
10	850	1506	-0.425515	-0.904951
10	849	1506	-0.424899	-0.905241
10	848	1507	-0.424899	-0.905241
10	847	1507	-0.425515	-0.904951
10	846	1508	-0.426874	-0.904311
10	845	1508	-0.427485	-0.904022
10	844	1509	-0.430191	-0.902738
10	843	1509	-0.431996	-0.901875
10	842	1510	-0.426632	-0.904425
10	841	1510	-0.419548	-0.907733
10	840	1510	-0.406468	-0.913665
10	839	1511	-0.383779	-0.923425
10	838	1511	-0.373342	-0.927694
10	837	1512	-0.384599	-0.923084
10	836	1513	-0.411952	-0.911206
10	835	1513	-0.397378	-0.917655
10	834	1513	-0.364351	-0.931262
10	833	1514	-0.423449	-0.905920
10	832	1514	-0.383393	-0.923585
10	831	1514	-0.348107	-0.937455
10	830	1514	-0.298023	-0.954559
10	829	1513	-0.095447	-0.995435
11	976	1464	-0.644268	0.764800
11	976	1465	-0.547876	0.836560
11	977	1466	-0.497816	0.867283
11	978	1467	-0.457371	0.889276
11	979	1468	-0.416421	0.909172
11	980	1468	-0.443148	0.896448
11	981	1469	-0.419922	0.907560
11	982	1469	-0.436571	0.899670
11	983	1470	-0.431751	0.901993
11	984	1470	-0.436630	0.899641
11	985	1470	-0.430491	0.902595
11	986	1471	-0.409574	0.912277
11	987	1471	-0.389889	0.920862
11	988	1472	-0.373840	0.927493
11	989	1472	-0.366807	0.930297
11	990	1472	-0.364498	0.931204
11	991	1473	-0.352631	0.935762
11	992	1473	-0.354232	0.935158
11	993	1474	-0.349752	0.936842
11	994	1474	-0.355381	0.934722
11	995	1474	-0.354584	0.935024
11	996	1475	-0.345542	0.938403
11	997	1475	-0.348806	0.937195
11	998	1475	-0.345542	0.938403
11	999	1476	-0.344021	0.938962
11	1000	1476	-0.345663	0.938359
11	1001	1476	-0.340704	0.940171
11	1002	1477	-0.336110	0.941823
11	1003	1477	-0.336110	0.941823
11	1004	1478	-0.340704	0.940171
11	1005	1478	-0.334922	0.942246
11	1006	1478	-0.334076	0.942546
11	1007	1479	-0.337146	0.941452
11	1008	1479	-0.330494	0.943808
11	1009	1479	-0.328778	0.944407
11	1010	1480	-0.330321	0.943869
11	1011	1480	-0.322746	0.946485
11	1012	1480	-0.308832	0.951117
11	1013	1481	-0.310399	0.950606
11	1014	1481	-0.302625	0.953110
11	1015	1481	-0.312205	0.950015
11	1016	1482	-0.313769	0.949499
11	1017	1482	-0.306026	0.952023
11	1018	1482	-0.315559	0.948906
11	1019	1483	-0.317119	0.948386
11	1020	1483	-0.309409	0.950929
11	1021	1483	-0.318894	0.947790
11	1022	1483	-0.322142	0.946691
11	1023	1484	-0.323956	0.946072
11	1024	1484	-0.332375	0.943147
11	1025	1485	-0.332375	0.943147
11	1026	1485	-0.334922	0.942246
11	1027	1485	-0.342368	0.939566
11	1028	1486	-0.340842	0.940121
11	1029	1486	-0.342500	0.939518
11	1030	1486	-0.349047	0.937105
11	1031	1487	-0.356528	0.934285
11	1032	1487	-0.356528	0.934285
11	1033	1488	-0.349047	0.937105
11	1034	1488	-0.353081	0.935593
11	1035	1488	-0.350668	0.936500
11	1036	1489	-0.361095	0.932529
11	1037	1489	-0.362652	0.931924
11	1038	1489	-0.357947	0.933742
11	1039	1490	-0.363784	0.931483
11	1040	1490	-0.363009	0.931786
11	1041	1491	-0.364498	0.931204
11	1042	1491	-0.366807	0.930297
11	1043	1491	-0.362945	0.931810
11	1044	1492	-0.370167	0.928965
11	1045	1492	-0.370167	0.928965
11	1046	1493	-0.373117	0.927784
11	1047	1493	-0.376106	0.926576
11	1048	1493	-0.383775	0.923427
11	1049	1494	-0.379405	0.925231
11	1050	1494	-0.378669	0.925532
11	1051	1495	-0.380130	0.924933
11	1052	1495	-0.382321	0.924030
11	1053	1495	-0.389200	0.921153
11	1054	1496	-0.383408	0.923579
11	1055	1496	-0.392397	0.919796
11	1056	1497	-0.390961	0.920407
11	1057	1497	-0.391665	0.920108
11	1058	1498	-0.395961	0.918267
11	1059	1498	-0.388450	0.921470
11	1060	1498	-0.385587	0.922672
11	1061	1499	-0.382683	0.923880
11	1062	1499	-0.382683	0.923880
11	1063	1500	-0.385587	0.922672
11	1064	1500	-0.377208	0.926129
11	1065	1501	-0.374565	0.927200
11	1066	1501	-0.369049	0.929410
11	1067	1501	-0.368287	0.929712
11	1068	1502	-0.359526	0.933135
11	1069	1502	-0.362652	0.931924
11	1070	1502	-0.359526	0.933135
11	1071	1503	-0.346013	0.938230
11	1072	1503	-0.346830	0.937928
11	1073	1504	-0.340704	0.940171
11	1074	1504	-0.334922	0.942246
11	1075	1504	-0.334076	0.942546
11	1076	1505	-0.337146	0.941452
11	1077	1505	-0.330494	0.943808
11	1078	1505	-0.328778	0.944407
11	1079	1506	-0.330321	0.943869
11	1080	1506	-0.322746	0.946485
11	1081	1506	-0.320113	0.947379
11	1082	1507	-0.320113	0.947379
11	1083	1507	-0.311543	0.950232
11	1084	1507	-0.320113	0.947379
11	1085	1508	-0.320113	0.947379
11	1086	1508	-0.322746	0.946485
11	1087	1508	-0.330321	0.943869
11	1088	1509	-0.328778	0.944407
11	1089	1509	-0.330494	0.943808
11	1090	1509	-0.337146	0.941452
11	1091	1510	-0.344844	0.938660
11	1092	1510	-0.344844	0.938660
11	1093	1510	-0.360955	0.932583
11	1094	1511	-0.363784	0.931483
11	1095	1511	-0.372364	0.928087
11	1096	1512	-0.380863	0.924632
11	1097	1512	-0.392031	0.919952
11	1098	1512	-0.396742	0.917930
11	1099	1513	-0.407723	0.913106
11	1100	1513	-0.414330	0.910127
11	1101	1514	-0.418544	0.908196
11	1102	1514	-0.426260	0.904601
11	1103	1515	-0.432965	0.901411
11	1104	1515	-0.431769	0.901984
11	1105	1516	-0.439682	0.898153
11	1106	1516	-0.439103	0.898437
11	1107	1517	-0.448144	0.893961
11	1108	1517	-0.448144	0.893961
11	1109	1518	-0.448144	0.893961
11	1110	1518	-0.448144	0.893961
11	1111	1519	-0.439103	0.898437
11	1112	1519	-0.439682	0.898153
11	1113	1520	-0.431769	0.901984
11	1114	1520	-0.423536	0.905879
11	1115	1521	-0.418016	0.908440
11	1116	1521	-0.410804	0.911724
11	1117	1522	-0.398499	0.917169
11	1118	1522	-0.383411	0.923578
11	1119	1523	-0.376001	0.926619
11	1120	1523	-0.363303	0.931671
11	1121	1523	-0.344021	0.938962
11	1122	1524	-0.342452	0.939535
11	1123	1524	-0.326711	0.945124
11	1124	1524	-0.316450	0.948609
11	1125	1525	-0.300546	0.953767
11	1126	1525	-0.296408	0.955061
11	1127	1525	-0.285656	0.958332
11	1128	1525	-0.280828	0.959758
11	1129	1526	-0.267835	0.963465
11	1130	1526	-0.260305	0.965526
11	1131	1526	-0.259290	0.965799
11	1132	1527	-0.252399	0.967623
11	1133	1527	-0.248885	0.968533
11	1134	1527	-0.240154	0.970735
11	1135	1527	-0.225983	0.974131
11	1136	1528	-0.232455	0.972607
11	1137	1528	-0.230022	0.973185
11	1138	1528	-0.222202	0.975001
11	1139	1528	-0.208828	0.977952
11	1140	1528	-0.203239	0.979129
11	1141	1529	-0.204852	0.978793
11	1142	1529	-0.199135	0.979972
11	1143	1529	-0.201387	0.979512
11	1144	1529	-0.199135	0.979972
11	1145	1529	-0.204852	0.978793
11	1146	1530	-0.203239	0.979129
11	1147	1530	-0.208828	0.977952
11	1148	1530	-0.222202	0.975001
11	1149	1530	-0.230022	0.973185
11	1150	1530	-0.232455	0.972607
11	1151	1531	-0.238041	0.971255
11	1152	1531	-0.250956	0.967998
11	1153	1531	-0.258566	0.965994
11	1154	1531	-0.261065	0.965321
11	1155	1532	-0.266233	0.963909
11	1156	1532	-0.266233	0.963909
11	1157	1532	-0.272724	0.962092
11	1158	1533	-0.272724	0.962092
11	1159	1533	-0.266233	0.963909
11	1160	1533	-0.254622	0.967041
11	1161	1534	-0.239483	0.970900
11	1162	1534	-0.227585	0.973758
11	1163	1534	-0.211194	0.977444
11	1164	1534	-0.178205	0.983993
11	1165	1535	-0.144274	0.989538
11	1166	1535	-0.114986	0.993367
11	1167	1535	-0.082808	0.996566
11	1168	1535	-0.047899	0.998852
11	1169	1535	-0.025242	0.999681
11	1170	1535	-0.001324	0.999999
11	1171	1535	0.023727	0.999718
11	1172	1535	0.035552	0.999368
11	1173	1535	0.034195	0.999415
11	1174	1534	0.034195	0.999415
11	1175	1534	0.035552	0.999368
11	1176	1534	0.023727	0.999718
11	1177	1534	0.011871	0.999930
11	1178	1534	0.000000	1.000000
11	1179	1534	-0.011871	0.999930
11	1180	1534	-0.023727	0.999718
11	1181	1534	-0.035552	0.999368
11	1182	1534	-0.060591	0.998163
11	1183	1535	-0.083438	0.996513
11	1184	1535	-0.105082	0.994464
11	1185	1535	-0.111336	0.993783
11	1186	1535	-0.115069	0.993357
11	1187	1535	-0.116310	0.993213
11	1188	1535	-0.115069	0.993357
11	1189	1535	-0.111336	0.993783
11	1190	1535	-0.105082	0.994464
11	1191	1535	-0.096263	0.995356
11	1192	1536	-0.084933	0.996387
11	1193	1536	-0.070430	0.997517
11	1194	1536	-0.067770	0.997701
11	1195	1536	-0.063827	0.997961
11	1196	1536	-0.058597	0.998282
11	1197	1536	-0.052075	0.998643
11	1198	1536	-0.044256	0.999020
11	1199	1536	-0.022177	0.999754
11	1200	1536	0.000000	1.000000
11	1201	1536	0.022177	0.999754
11	1202	1536	0.044256	0.999020
11	1203	1536	0.052075	0.998643
11	1204	1536	0.058597	0.998282
11	1205	1536	0.063827	0.997961
11	1206	1536	0.067770	0.997701
11	1207	1536	0.083546	0.996504
11	1208	1536	0.096760	0.995308
11	1209	1535	0.106472	0.994316
11	1210	1535	0.113971	0.993484
11	1211	1535	0.118938	0.992902
11	1212	1535	0.121412	0.992602
11	1213	1535	0.134178	0.990957
11	1214	1535	0.143216	0.989691
11	1215	1535	0.161576	0.986860
11	1216	1535	0.175115	0.984548
11	1217	1534	0.181042	0.983475
11	1218	1534	0.195974	0.980609
11	1219	1534	0.205099	0.978741
11	1220	1534	0.234356	0.972151
11	1221	1534	0.257707	0.966223
11	1222	1534	0.288475	0.957488
11	1223	1533	0.313302	0.949653
11	1224	1533	0.338092	0.941113
11	1225	1532	0.359451	0.933164
11	1226	1532	0.388171	0.921587
11	1227	1532	0.421072	0.907027
11	1228	1531	0.450601	0.892725
11	1229	1531	0.493946	0.869493
11	1230	1530	0.523416	0.852078
11	1231	1530	0.570099	0.821576
11	1232	1529	0.603198	0.797591
11	1233	1528	0.637893	0.770125
11	1234	1528	0.691903	0.721990
11	1235	1527	0.730904	0.682481
11	1236	1526	0.771596	0.636113
11	1237	1525	0.809650	0.586914
11	1238	1524	0.841178	0.540758
11	1238	1523	0.911925	0.410358
11	1239	1522	0.945941	0.324339
11	1238	1521	0.993529	0.113577
11	1238	1520	0.998958	-0.045644
11	1238	1519	0.981659	-0.190644
11	1238	1518	0.949733	-0.313060
11	1237	1517	0.920836	-0.389949
11	1237	1516	0.876086	-0.482156
11	1236	1515	0.847541	-0.530730
11	1236	1514	0.801626	-0.597826
11	1235	1513	0.777137	-0.629332
11	1234	1512	0.752715	-0.658346
11	1233	1511	0.729308	-0.684186
11	1232	1510	0.704536	-0.709669
11	1231	1509	0.678694	-0.734421
11	1230	1508	0.657514	-0.753442
11	1229	1508	0.625989	-0.779832
11	1228	1507	0.604413	-0.796671
11	1227	1506	0.584365	-0.811491
11	1226	1506	0.559177	-0.829048
11	1225	1505	0.541515	-0.840691
11	1224	1504	0.523164	-0.852232
11	1223	1504	0.500929	-0.865488
11	1222	1503	0.484862	-0.874591
11	1221	1503	0.469620	-0.882869
11	1220	1502	0.459400	-0.888229
11	1219	1502	0.444213	-0.895921
11	1218	1501	0.433039	-0.901375
11	1217	1501	0.416902	-0.908952
11	1216	1500	0.416840	-0.908980
11	1215	1500	0.400819	-0.916157
11	1214	1500	0.389180	-0.921162
11	1213	1499	0.389180	-0.921162
11	1212	1499	0.379405	-0.925231
11	1211	1498	0.383775	-0.923427
11	1210	1498	0.376106	-0.926576
11	1209	1498	0.373117	-0.927784
11	1208	1497	0.370167	-0.928965
11	1207	1497	0.370167	-0.928965
11	1206	1496	0.362945	-0.931810
11	1205	1496	0.366807	-0.930297
11	1204	1496	0.364498	-0.931204
11	1203	1495	0.352631	-0.935762
11	1202	1495	0.354232	-0.935158
11	1201	1494	0.349752	-0.936842
11	1200	1494	0.344844	-0.938660
11	1199	1494	0.344844	-0.938660
11	1198	1493	0.337146	-0.941452
11	1197	1493	0.330494	-0.943808
11	1196	1493	0.317673	-0.948200
11	1195	1492	0.320787	-0.947151
11	1194	1492	0.314000	-0.949423
11	1193	1492	0.300778	-0.953694
11	1192	1491	0.292960	-0.956125
11	1191	1491	0.275683	-0.961249
11	1190	1491	0.276663	-0.960967
11	1189	1490	0.273264	-0.961939
11	1188	1490	0.258566	-0.965994
11	1187	1490	0.250956	-0.967998
11	1186	1490	0.238041	-0.971255
11	1185	1489	0.220753	-0.975330
11	1184	1489	0.219446	-0.975625
11	1183	1489	0.212656	-0.977127
11	1182	1489	0.200262	-0.979742
11	1181	1489	0.195738	-0.980656
11	1180	1488	0.186799	-0.982398
11	1179	1488	0.171050	-0.985262
11	1178	1488	0.176899	-0.984229
11	1177	1488	0.178062	-0.984019
11	1176	1488	0.174566	-0.984645
11	1175	1488	0.166331	-0.986070
11	1174	1487	0.166331	-0.986070
11	1173	1487	0.174566	-0.984645
11	1172	1487	0.178062	-0.984019
11	1171	1487	0.176899	-0.984229
11	1170	1487	0.171050	-0.985262
11	1169	1487	0.174037	-0.984739
11	1168	1486	0.172436	-0.985021
11	1167	1486	0.167101	-0.985940
11	1166	1486	0.170630	-0.985335
11	1165	1486	0.169456	-0.985538
11	1164	1486	0.163552	-0.986535
11	1163	1485	0.166743	-0.986000
11	1162	1485	0.164941	-0.986303
11	1161	1485	0.159587	-0.987184
11	1160	1485	0.150639	-0.988589
11	1159	1485	0.138006	-0.990431
11	1158	1485	0.121565	-0.992583
11	1157	1485	0.128210	-0.991747
11	1156	1484	0.131332	-0.991338
11	1155	1484	0.129604	-0.991566
11	1154	1484	0.124192	-0.992258
11	1153	1484	0.115069	-0.993357
11	1152	1484	0.116310	-0.993213
11	1151	1484	0.115069	-0.993357
11	1150	1484	0.124192	-0.992258
11	1149	1484	0.142718	-0.989763
11	1148	1484	0.169819	-0.985475
11	1147	1483	0.170915	-0.985286
11	1146	1483	0.165912	-0.986141
11	1145	1483	0.170982	-0.985274
11	1144	1483	0.170192	-0.985411
11	1143	1483	0.162294	-0.986742
11	1142	1483	0.146587	-0.989198
11	1141	1483	0.123102	-0.992394
11	1140	1482	0.220075	-0.975483
11	1139	1481	0.320241	-0.947336
11	1138	1480	0.411900	-0.911229
12	1051	1468	0.190040	0.981776
12	1052	1467	0.039279	0.999228
12	1053	1467	0.031124	0.999516
12	1054	1466	-0.102003	0.994784
12	1055	1466	-0.095910	0.995390
12	1056	1466	-0.086088	0.996288
12	1057	1466	-0.073316	0.997309
12	1058	1467	-0.005769	0.999983
12	1059	1467	-0.027413	0.999624
12	1060	1467	-0.042120	0.999113
12	1061	1467	-0.050981	0.998700
12	1062	1467	-0.078019	0.996952
12	1063	1467	-0.090842	0.995865
12	1064	1467	-0.102308	0.994753
12	1065	1467	-0.098538	0.995133
12	1066	1467	-0.092225	0.995738
12	1067	1467	-0.096387	0.995344
12	1068	1467	-0.096760	0.995308
12	1069	1468	-0.106472	0.994316
12	1070	1468	-0.113971	0.993484
12	1071	1468	-0.118938	0.992902
12	1072	1468	-0.121412	0.992602
12	1073	1468	-0.134178	0.990957
12	1074	1468	-0.143216	0.989691
12	1075	1468	-0.148603	0.988897
12	1076	1468	-0.150373	0.988629
12	1077	1469	-0.147210	0.989105
12	1078	1469	-0.140612	0.990065
12	1079	1469	-0.143037	0.989717
12	1080	1469	-0.154425	0.988005
12	1081	1469	-0.162164	0.986764
12	1082	1469	-0.166331	0.986070
12	1083	1470	-0.166331	0.986070
12	1084	1470	-0.162164	0.986764
12	1085	1470	-0.154425	0.988005
12	1086	1470	-0.155620	0.987817
12	1087	1470	-0.152028	0.988376
12	1088	1470	-0.157398	0.987535
12	1089	1471	-0.158987	0.987281
12	1090	1471	-0.156007	0.987756
12	1091	1471	-0.161964	0.986797
12	1092	1471	-0.163149	0.986601
12	1093	1471	-0.159587	0.987184
12	1094	1471	-0.164941	0.986303
12	1095	1471	-0.166743	0.986000
12	1096	1472	-0.175949	0.984399
12	1097	1472	-0.180601	0.983557
12	1098	1472	-0.180601	0.983557
12	1099	1472	-0.188648	0.982045
12	1100	1472	-0.204218	0.978925
12	1101	1473	-0.212909	0.977072
12	1102	1473	-0.229484	0.973312
12	1103	1473	-0.240432	0.970666
12	1104	1473	-0.246042	0.969259
12	1105	1473	-0.246418	0.969164
12	1106	1474	-0.248600	0.968606
12	1107	1474	-0.259290	0.965799
12	1108	1474	-0.264823	0.964297
12	1109	1475	-0.263217	0.964737
12	1110	1475	-0.267233	0.963632
12	1111	1475	-0.265230	0.964185
12	1112	1476	-0.270045	0.962848
12	1113	1476	-0.266533	0.963826
12	1114	1476	-0.269526	0.962993
12	1115	1476	-0.266533	0.963826
12	1116	1477	-0.256522	0.966539
12	1117	1477	-0.250956	0.967998
12	1118	1477	-0.240154	0.970735
12	1119	1477	-0.235918	0.971773
12	1120	1478	-0.237533	0.971379
12	1121	1478	-0.243864	0.969809
12	1122	1478	-0.256229	0.966616
12	1123	1478	-0.257849	0.966185
12	1124	1479	-0.276327	0.961064
12	1125	1479	-0.269429	0.963020
12	1126	1479	-0.248317	0.968679
12	1127	1479	-0.233072	0.972460
12	1128	1479	-0.205012	0.978760
12	1129	1480	-0.274255	0.961657
12	1130	1480	-0.234010	0.972234
12	1131	1481	-0.332032	0.943268
12	1132	1482	-0.421150	0.906991
13	1051	1468	-0.637643	0.770332
13	1051	1469	-0.544445	0.838797
13	1052	1470	-0.514785	0.857319
13	1053	1470	-0.555603	0.831448
13	1054	1471	-0.525731	0.850651
13	1055	1472	-0.495075	0.868851
13	1056	1472	-0.525731	0.850651
13	1057	1473	-0.502006	0.864864
13	1058	1474	-0.487531	0.873106
13	1059	1474	-0.492437	0.870348
13	1060	1475	-0.488774	0.872410
13	1061	1475	-0.461138	0.887328
13	1062	1476	-0.451890	0.892074
13	1063	1476	-0.436977	0.899472
13	1064	1477	-0.417964	0.908464
13	1065	1477	-0.402602	0.915375
13	1066	1478	-0.395756	0.918356
13	1067	1478	-0.371246	0.928534
13	1068	1478	-0.361875	0.932227
13	1069	1479	-0.357510	0.933909
13	1070	1479	-0.351123	0.936329
13	1071	1479	-0.349507	0.936934
13	1072	1480	-0.338826	0.940849
13	1073	1480	-0.341325	0.939945
13	1074	1480	-0.337146	0.941452
13	1075	1481	-0.334076	0.942546
13	1076	1481	-0.323956	0.946072
13	1077	1481	-0.330664	0.943749
13	1078	1482	-0.327575	0.944825
13	1079	1482	-0.317338	0.948312
13	1080	1483	-0.314541	0.949244
13	1081	1483	-0.311304	0.950311
13	1082	1483	-0.301703	0.953402
13	1083	1484	-0.300265	0.953856
13	1084	1484	-0.286915	0.957956
13	1085	1484	-0.267534	0.963549
13	1086	1484	-0.266533	0.963826
13	1087	1485	-0.259747	0.965677
13	1088	1485	-0.242816	0.970072
13	1089	1485	-0.232967	0.972485
13	1090	1485	-0.217572	0.976044
13	1091	1486	-0.210583	0.977576
13	1092	1486	-0.196211	0.980562
13	1093	1486	-0.177115	0.984190
13	1094	1486	-0.167101	0.985940
13	1095	1486	-0.165920	0.986139
13	1096	1487	-0.161385	0.986892
13	1097	1487	-0.148975	0.988841
13	1098	1487	-0.146000	0.989285
13	1099	1487	-0.139397	0.990237
13	1100	1487	-0.129115	0.991630
13	1101	1487	-0.115069	0.993357
13	1102	1487	-0.111336	0.993783
13	1103	1487	-0.105082	0.994464
13	1104	1487	-0.096263	0.995356
13	1105	1488	-0.084933	0.996387
13	1106	1488	-0.070430	0.997517
13	1107	1488	-0.067770	0.997701
13	1108	1488	-0.063827	0.997961
13	1109	1488	-0.058597	0.998282
13	1110	1488	-0.039177	0.999232
13	1111	1488	-0.019622	0.999807
13	1112	1488	0.000000	1.000000
13	1113	1488	0.019622	0.999807
13	1114	1488	0.052346	0.998629
13	1115	1488	0.083546	0.996504
13	1116	1488	0.099299	0.995058
13	1117	1488	0.125781	0.992058
13	1118	1488	0.148413	0.988926
13	1119	1488	0.167272	0.985911
13	1120	1487	0.190027	0.981779
13	1121	1487	0.224047	0.974578
13	1122	1487	0.264792	0.964305
13	1123	1487	0.271174	0.962530
13	1124	1486	0.290618	0.956839
13	1125	1486	0.293530	0.955950
13	1126	1486	0.286117	0.958195
13	1127	1485	0.338471	0.940977
13	1128	1485	0.318719	0.947849
13	1129	1485	0.284168	0.958775
13	1130	1484	0.346715	0.937971
13	1131	1483	0.428839	0.903381
13	1132	1482	0.499288	0.866436
14	1138	1480	-0.333904	-0.942607
14	1137	1481	-0.179441	-0.983769
14	1136	1481	-0.253401	-0.967361
14	1135	1481	-0.280828	-0.959758
14	1134	1481	-0.204747	-0.978815
14	1133	1482	-0.340425	-0.940272
14	1132	1482	-0.276203	-0.961099
15	829	1513	-0.526446	-0.850208
15	828	1514	-0.496348	-0.868124
15	827	1514	-0.542206	-0.840245
15	826	1515	-0.511546	-0.859256
15	825	1515	-0.560117	-0.828413
15	824	1516	-0.543340	-0.839513
15	823	1517	-0.525731	-0.850651
15	822	1517	-0.552313	-0.833637
15	821	1518	-0.535846	-0.844316
15	820	1519	-0.533866	-0.845569
15	819	1519	-0.539714	-0.841848
15	818	1520	-0.545419	-0.838163
15	817	1520	-0.551489	-0.834182
15	816	1521	-0.551038	-0.834480
15	815	1522	-0.557453	-0.830209
15	814	1523	-0.554989	-0.831857
15	813	1523	-0.555564	-0.831474
15	812	1524	-0.561860	-0.827232
15	811	1524	-0.568314	-0.822812
15	810	1525	-0.565865	-0.824498
15	809	1526	-0.573977	-0.818872
15	808	1527	-0.584063	-0.811708
15	807	1527	-0.564603	-0.825362
15	806	1528	-0.570629	-0.821208
15	805	1529	-0.587146	-0.809481
15	804	1529	-0.545140	-0.838345
15	803	1530	-0.572912	-0.819617
15	802	1531	-0.593306	-0.804977
15	801	1532	-0.617869	-0.786281
16	801	1532	-0.161405	-0.986888
16	800	1531	-0.346946	-0.937885
16	799	1531	-0.408015	-0.912975
16	798	1531	-0.450846	-0.892602
16	797	1531	-0.494659	-0.869087
16	796	1532	-0.460219	-0.887805
16	795	1532	-0.488747	-0.872425
16	794	1533	-0.462142	-0.886806
16	793	1534	-0.444500	-0.895779
16	792	1534	-0.458941	-0.888467
16	791	1535	-0.461735	-0.887018
16	790	1535	-0.485140	-0.874437
16	789	1536	-0.497877	-0.867247
16	788	1536	-0.513207	-0.858265
16	787	1537	-0.514399	-0.857551
16	786	1538	-0.516615	-0.856218
16	785	1538	-0.516615	-0.856218
16	784	1539	-0.514399	-0.857551
16	783	1539	-0.521375	-0.853328
16	782	1540	-0.522489	-0.852646
16	781	1541	-0.524653	-0.851316
16	780	1541	-0.524653	-0.851316
16	779	1542	-0.522489	-0.852646
16	778	1543	-0.528949	-0.848653
16	777	1543	-0.521762	-0.853091
16	776	1544	-0.515124	-0.857116
16	775	1544	-0.515124	-0.857116
16	774	1545	-0.504892	-0.863183
16	773	1546	-0.504754	-0.863263
16	772	1546	-0.489444	-0.872035
16	771	1547	-0.485602	-0.874180
16	770	1547	-0.478234	-0.878232
16	769	1548	-0.471734	-0.881741
16	768	1549	-0.467944	-0.883758
16	767	1549	-0.455709	-0.890129
16	766	1549	-0.446654	-0.894707
16	765	1550	-0.438894	-0.898539
16	764	1550	-0.429446	-0.903093
16	763	1551	-0.421291	-0.906925
16	762	1551	-0.422542	-0.906343
16	761	1552	-0.415620	-0.909538
16	760	1552	-0.407723	-0.913106
16	759	1553	-0.403341	-0.915050
16	758	1553	-0.396611	-0.917987
16	757	1553	-0.404688	-0.914455
16	756	1554	-0.401865	-0.915699
16	755	1554	-0.390961	-0.920407
16	754	1555	-0.392397	-0.919796
16	753	1555	-0.383408	-0.923579
16	752	1556	-0.379384	-0.925239
16	751	1556	-0.373148	-0.927772
16	750	1556	-0.371643	-0.928376
16	749	1557	-0.361451	-0.932391
16	748	1557	-0.363784	-0.931483
16	747	1558	-0.360955	-0.932583
16	746	1558	-0.344844	-0.938660
16	745	1558	-0.344844	-0.938660
16	744	1559	-0.337146	-0.941452
16	743	1559	-0.330494	-0.943808
16	742	1559	-0.328778	-0.944407
16	741	1560	-0.330321	-0.943869
16	740	1560	-0.322746	-0.946485
16	739	1560	-0.320113	-0.947379
16	738	1561	-0.320113	-0.947379
16	737	1561	-0.311543	-0.950232
16	736	1561	-0.320113	-0.947379
16	735	1562	-0.320113	-0.947379
16	734	1562	-0.311543	-0.950232
16	733	1562	-0.308832	-0.951117
16	732	1563	-0.310399	-0.950606
16	731	1563	-0.302625	-0.953110
16	730	1563	-0.300778	-0.953694
16	729	1564	-0.292960	-0.956125
16	728	1564	-0.286928	-0.957952
16	727	1564	-0.286928	-0.957952
16	726	1565	-0.282078	-0.959392
16	725	1565	-0.266533	-0.963826
16	724	1565	-0.269526	-0.962993
16	723	1565	-0.266533	-0.963826
16	722	1566	-0.256522	-0.966539
16	721	1566	-0.250956	-0.967998
16	720	1566	-0.251988	-0.967730
16	719	1566	-0.246803	-0.969066
16	718	1567	-0.246803	-0.969066
16	717	1567	-0.251988	-0.967730
16	716	1567	-0.250956	-0.967998
16	715	1567	-0.256522	-0.966539
16	714	1568	-0.254912	-0.966964
16	713	1568	-0.258996	-0.965878
16	712	1568	-0.256960	-0.966422
16	711	1568	-0.261488	-0.965207
16	710	1569	-0.258273	-0.966072
16	709	1569	-0.249636	-0.968340
16	708	1569	-0.247561	-0.968872
16	707	1570	-0.252399	-0.967623
16	706	1570	-0.248885	-0.968533
16	705	1570	-0.240154	-0.970735
16	704	1570	-0.225983	-0.974131
16	703	1571	-0.220753	-0.975330
16	702	1571	-0.219446	-0.975625
16	701	1571	-0.212656	-0.977127
16	700	1571	-0.200262	-0.979742
16	699	1571	-0.195738	-0.980656
16	698	1572	-0.186799	-0.982398
16	697	1572	-0.171050	-0.985262
16	696	1572	-0.176899	-0.984229
16	695	1572	-0.178062	-0.984019
16	694	1572	-0.174566	-0.984645
16	693	1572	-0.166331	-0.986070
16	692	1573	-0.166331	-0.986070
16	691	1573	-0.162164	-0.986764
16	690	1573	-0.154425	-0.988005
16	689	1573	-0.155620	-0.987817
16	688	1573	-0.152028	-0.988376
16	687	1573	-0.157398	-0.987535
16	686	1574	-0.158987	-0.987281
16	685	1574	-0.156007	-0.987756
16	684	1574	-0.149437	-0.988771
16	683	1574	-0.139222	-0.990261
16	682	1574	-0.125267	-0.992123
16	681	1574	-0.121565	-0.992583
16	680	1574	-0.115362	-0.993324
16	679	1575	-0.107293	-0.994227
16	678	1575	-0.095365	-0.995442
16	677	1575	-0.080883	-0.996724
16	676	1575	-0.063827	-0.997961
16	675	1575	-0.058597	-0.998282
16	674	1575	-0.052075	-0.998643
16	673	1575	-0.044256	-0.999020
16	672	1575	-0.035137	-0.999383
16	671	1575	-0.011732	-0.999931
16	670	1575	0.011732	-0.999931
16	669	1575	0.035137	-0.999383
16	668	1575	0.044256	-0.999020
16	667	1575	0.052075	-0.998643
16	666	1575	0.058597	-0.998282
16	665	1575	0.063827	-0.997961
16	664	1575	0.080883	-0.996724
16	663	1575	0.095365	-0.995442
16	662	1575	0.107293	-0.994227
16	661	1574	0.115362	-0.993324
16	660	1574	0.134346	-0.990934
16	659	1574	0.149437	-0.988771
16	658	1574	0.160777	-0.986991
16	657	1574	0.168487	-0.985704
16	656	1574	0.185415	-0.982660
16	655	1574	0.197644	-0.980274
16	654	1573	0.201629	-0.979462
16	653	1573	0.215117	-0.976588
16	652	1573	0.222989	-0.974821
16	651	1573	0.238134	-0.971232
16	650	1572	0.254912	-0.966964
16	649	1572	0.267534	-0.963549
16	648	1572	0.286915	-0.957956
16	647	1572	0.300265	-0.953856
16	646	1571	0.301703	-0.953402
16	645	1571	0.311304	-0.950311
16	644	1571	0.314541	-0.949244
16	643	1570	0.317338	-0.948312
16	642	1570	0.327575	-0.944825
16	641	1569	0.330664	-0.943749
16	640	1569	0.323956	-0.946072
16	639	1569	0.323084	-0.946370
16	638	1568	0.327733	-0.944770
16	637	1568	0.321871	-0.946783
16	636	1568	0.309738	-0.950822
16	635	1567	0.303661	-0.952780
16	634	1567	0.298598	-0.954379
16	633	1567	0.286928	-0.957952
16	632	1566	0.282078	-0.959392
16	631	1566	0.266533	-0.963826
16	630	1566	0.257979	-0.966150
16	629	1566	0.255937	-0.966693
16	628	1565	0.247373	-0.968920
16	627	1565	0.242816	-0.970072
16	626	1565	0.232967	-0.972485
16	625	1565	0.229753	-0.973249
16	624	1564	0.232985	-0.972480
16	623	1564	0.228408	-0.973565
16	622	1564	0.218410	-0.975857
16	621	1564	0.228408	-0.973565
16	620	1564	0.232985	-0.972480
16	619	1563	0.229753	-0.973249
16	618	1563	0.220853	-0.975307
16	617	1563	0.219762	-0.975554
16	616	1563	0.226515	-0.974008
16	615	1562	0.226515	-0.974008
16	614	1562	0.219762	-0.975554
16	613	1562	0.220853	-0.975307
16	612	1562	0.217572	-0.976044
16	611	1561	0.210583	-0.977576
16	610	1561	0.196211	-0.980562
16	609	1561	0.177115	-0.984190
16	608	1561	0.167101	-0.985940
16	607	1561	0.153418	-0.988161
16	606	1560	0.137817	-0.990458
16	605	1560	0.115141	-0.993349
16	604	1560	0.103229	-0.994658
16	603	1560	0.076052	-0.997104
16	602	1560	0.047272	-0.998882
16	601	1560	0.017053	-0.999855
16	600	1560	-0.000000	-1.000000
16	599	1560	-0.017053	-0.999855
16	598	1560	-0.047272	-0.998882
16	597	1560	-0.076052	-0.997104
16	596	1560	-0.103229	-0.994658
16	595	1560	-0.115141	-0.993349
16	594	1560	-0.137817	-0.990458
16	593	1561	-0.153418	-0.988161
16	592	1561	-0.167101	-0.985940
16	591	1561	-0.177115	-0.984190
16	590	1561	-0.183582	-0.983004
16	589	1561	-0.199203	-0.979958
16	588	1562	-0.207963	-0.978137
16	587	1562	-0.212403	-0.977182
16	586	1562	-0.212403	-0.977182
16	585	1562	-0.220281	-0.975436
16	584	1563	-0.221897	-0.975070
16	583	1563	-0.216217	-0.976345
16	582	1563	-0.218410	-0.975857
16	581	1563	-0.228408	-0.973565
16	580	1563	-0.232985	-0.972480
16	579	1564	-0.229753	-0.973249
16	578	1564	-0.232967	-0.972485
16	577	1564	-0.242816	-0.970072
16	576	1564	-0.247373	-0.968920
16	575	1565	-0.255937	-0.966693
16	574	1565	-0.257979	-0.966150
16	573	1565	-0.278567	-0.960417
16	572	1565	-0.292974	-0.956120
16	571	1566	-0.307593	-0.951518
16	570	1566	-0.317119	-0.948386
16	569	1566	-0.332217	-0.943203
16	568	1567	-0.344021	-0.938962
16	567	1567	-0.363303	-0.931671
16	566	1567	-0.376001	-0.926619
16	565	1568	-0.383411	-0.923578
16	564	1568	-0.409366	-0.912370
16	563	1569	-0.430191	-0.902738
16	562	1569	-0.445894	-0.895086
16	561	1570	-0.456620	-0.889662
16	560	1570	-0.481107	-0.876662
16	559	1571	-0.498551	-0.866860
16	558	1571	-0.521319	-0.853362
16	557	1572	-0.532144	-0.846654
16	556	1572	-0.551556	-0.834138
16	555	1573	-0.558118	-0.829762
16	554	1574	-0.570950	-0.820985
16	553	1575	-0.582385	-0.812913
16	552	1575	-0.594379	-0.804185
16	551	1576	-0.598091	-0.801428
16	550	1577	-0.606563	-0.795035
16	549	1578	-0.612924	-0.790142
16	548	1579	-0.622855	-0.782337
16	547	1579	-0.629192	-0.777250
16	546	1580	-0.636103	-0.771604
16	545	1581	-0.639399	-0.768875
16	544	1582	-0.644656	-0.764473
16	543	1583	-0.651714	-0.758465
16	542	1583	-0.662827	-0.748772
16	541	1584	-0.665992	-0.745959
16	540	1585	-0.674827	-0.737976
16	539	1586	-0.684266	-0.729233
16	538	1587	-0.694149	-0.719831
16	537	1588	-0.704307	-0.709895
16	536	1589	-0.714284	-0.699856
16	535	1590	-0.723813	-0.689996
16	534	1591	-0.732759	-0.680488
16	533	1592	-0.745238	-0.666798
16	532	1593	-0.756500	-0.653994
16	531	1594	-0.766234	-0.642562
16	531	1595	-0.780663	-0.624953
16	530	1596	-0.788327	-0.615257
16	529	1597	-0.798210	-0.602379
16	528	1598	-0.809474	-0.587155
16	528	1599	-0.823753	-0.566949
16	527	1600	-0.835238	-0.549889
16	526	1601	-0.846603	-0.532225
16	526	1602	-0.859840	-0.510564
16	525	1603	-0.868851	-0.495075
16	525	1604	-0.881608	-0.471982
16	524	1605	-0.890449	-0.455084
16	523	1606	-0.902085	-0.431558
16	523	1607	-0.915705	-0.401850
16	523	1608	-0.926298	-0.376791
16	522	1609	-0.931988	-0.362490
16	522	1610	-0.944476	-0.328581
16	522	1611	-0.953972	-0.299894
16	521	1612	-0.959338	-0.282260
16	521	1613	-0.968675	-0.248334
16	521	1614	-0.975140	-0.221590
16	521	1615	-0.982045	-0.188648
16	521	1616	-0.986535	-0.163552
16	520	1617	-0.988712	-0.149830
16	520	1618	-0.993245	-0.116033
16	520	1619	-0.996863	-0.079141
16	520	1620	-0.998534	-0.054137
16	520	1621	-0.999894	-0.014584
16	520	1622	-0.999254	0.038632
16	520	1623	-0.995927	0.090164
16	520	1624	-0.988348	0.152211
16	520	1625	-0.974802	0.223070
16	520	1626	-0.953883	0.300180
16	520	1627	-0.924407	0.381408
16	521	1628	-0.904258	0.426987
16	521	1629	-0.868426	0.495819
16	521	1630	-0.822322	0.569022
16	522	1631	-0.798764	0.601644
16	523	1632	-0.770394	0.637568
16	524	1633	-0.741864	0.670550
16	525	1634	-0.710633	0.703563
16	526	1635	-0.682360	0.731016
16	527	1636	-0.653772	0.756691
16	528	1636	-0.617182	0.786820
16	529	1637	-0.591527	0.806285
16	530	1638	-0.563958	0.825803
16	531	1638	-0.531464	0.847081
16	532	1639	-0.511104	0.859519
16	533	1639	-0.479614	0.877480
16	534	1640	-0.454156	0.890922
16	535	1640	-0.428977	0.903316
16	536	1641	-0.410862	0.911697
16	537	1641	-0.386318	0.922366
16	538	1642	-0.372530	0.928020
16	539	1642	-0.349290	0.937015
16	540	1642	-0.331178	0.943568
16	541	1643	-0.322075	0.946714
16	542	1643	-0.297699	0.954660
16	543	1643	-0.279543	0.960133
16	544	1643	-0.254912	0.966964
16	545	1644	-0.249566	0.968358
16	546	1644	-0.233511	0.972354
16	547	1644	-0.224636	0.974443
16	548	1644	-0.210188	0.977661
16	549	1645	-0.204712	0.978822
16	550	1645	-0.191406	0.981511
16	551	1645	-0.173397	0.984852
16	552	1645	-0.176899	0.984229
16	553	1645	-0.175734	0.984438
16	554	1645	-0.169874	0.985466
16	555	1646	-0.158987	0.987281
16	556	1646	-0.156007	0.987756
16	557	1646	-0.149437	0.988771
16	558	1646	-0.139222	0.990261
16	559	1646	-0.125267	0.992123
16	560	1646	-0.121565	0.992583
16	561	1646	-0.115362	0.993324
16	562	1647	-0.107293	0.994227
16	563	1647	-0.095365	0.995442
16	564	1647	-0.080883	0.996724
16	565	1647	-0.063827	0.997961
16	566	1647	-0.058597	0.998282
16	567	1647	-0.052075	0.998643
16	568	1647	-0.044256	0.999020
16	569	1647	-0.022177	0.999754
16	570	1647	0.000000	1.000000
16	571	1647	0.022177	0.999754
16	572	1647	0.044256	0.999020
16	573	1647	0.052075	0.998643
16	574	1647	0.058597	0.998282
16	575	1647	0.063827	0.997961
16	576	1647	0.067770	0.997701
16	577	1647	0.070430	0.997517
16	578	1647	0.071807	0.997419
16	579	1646	0.071807	0.997419
16	580	1646	0.070430	0.997517
16	581	1646	0.080674	0.996741
16	582	1646	0.088307	0.996093
16	583	1646	0.093371	0.995631
16	584	1646	0.095894	0.995392
16	585	1646	0.095894	0.995392
16	586	1646	0.093371	0.995631
16	587	1646	0.088307	0.996093
16	588	1646	0.080674	0.996741
16	589	1646	0.083546	0.996504
16	590	1646	0.096760	0.995308
16	591	1645	0.106472	0.994316
16	592	1645	0.113971	0.993484
16	593	1645	0.118938	0.992902
16	594	1645	0.134178	0.990957
16	595	1645	0.145636	0.989338
16	596	1645	0.153418	0.988161
16	597	1645	0.157594	0.987504
16	598	1645	0.171138	0.985247
16	599	1644	0.177115	0.984190
16	600	1644	0.179441	0.983769
16	601	1644	0.177115	0.984190
16	602	1644	0.196211	0.980562
16	603	1644	0.210583	0.977576
16	604	1643	0.217572	0.976044
16	605	1643	0.232967	0.972485
16	606	1643	0.242816	0.970072
16	607	1643	0.247373	0.968920
16	608	1642	0.244145	0.969739
16	609	1642	0.247277	0.968945
16	610	1642	0.256960	0.966422
16	611	1642	0.261488	0.965207
16	612	1641	0.269828	0.962908
16	613	1641	0.271811	0.962351
16	614	1641	0.267835	0.963465
16	615	1640	0.269438	0.963018
16	616	1640	0.275376	0.961337
16	617	1640	0.275376	0.961337
16	618	1640	0.281452	0.959575
16	619	1639	0.289467	0.957188
16	620	1639	0.291365	0.956612
16	621	1639	0.299245	0.954176
16	622	1638	0.297665	0.954670
16	623	1638	0.300454	0.953796
16	624	1638	0.309162	0.951010
16	625	1638	0.311487	0.950250
16	626	1637	0.323956	0.946072
16	627	1637	0.332375	0.943147
16	628	1636	0.332375	0.943147
16	629	1636	0.334922	0.942246
16	630	1636	0.342368	0.939566
16	631	1635	0.340842	0.940121
16	632	1635	0.342500	0.939518
16	633	1635	0.349047	0.937105
16	634	1634	0.346013	0.938230
16	635	1634	0.346830	0.937928
16	636	1633	0.340704	0.940171
16	637	1633	0.345663	0.938359
16	638	1633	0.344021	0.938962
16	639	1632	0.345542	0.938403
16	640	1632	0.348806	0.937195
16	641	1632	0.345542	0.938403
16	642	1631	0.344021	0.938962
16	643	1631	0.345663	0.938359
16	644	1631	0.340704	0.940171
16	645	1630	0.346830	0.937928
16	646	1630	0.346013	0.938230
16	647	1629	0.359526	0.933135
16	648	1629	0.362652	0.931924
16	649	1629	0.370487	0.928837
16	650	1628	0.377569	0.925981
16	651	1628	0.388103	0.921616
16	652	1628	0.392119	0.919915
16	653	1627	0.401865	0.915699
16	654	1627	0.407876	0.913037
16	655	1626	0.410804	0.911724
16	656	1626	0.418016	0.908440
16	657	1625	0.423536	0.905879
16	658	1625	0.431769	0.901984
16	659	1624	0.430422	0.902628
16	660	1624	0.430422	0.902628
16	661	1623	0.431769	0.901984
16	662	1623	0.432965	0.901411
16	663	1622	0.426260	0.904601
16	664	1622	0.418544	0.908196
16	665	1621	0.414330	0.910127
16	666	1621	0.407723	0.913106
16	667	1620	0.396742	0.917930
16	668	1620	0.392031	0.919952
16	669	1620	0.380863	0.924632
16	670	1619	0.372364	0.928087
16	671	1619	0.363784	0.931483
16	672	1618	0.360955	0.932583
16	673	1618	0.344844	0.938660
16	674	1618	0.344844	0.938660
16	675	1617	0.337146	0.941452
16	676	1617	0.330494	0.943808
16	677	1617	0.317673	0.948200
16	678	1616	0.320787	0.947151
16	679	1616	0.314000	0.949423
16	680	1616	0.300778	0.953694
16	681	1615	0.292960	0.956125
16	682	1615	0.286928	0.957952
16	683	1615	0.286928	0.957952
16	684	1614	0.282078	0.959392
16	685	1614	0.266533	0.963826
16	686	1614	0.269526	0.962993
16	687	1614	0.266533	0.963826
16	688	1613	0.256522	0.966539
16	689	1613	0.250956	0.967998
16	690	1613	0.240154	0.970735
16	691	1613	0.223815	0.974632
16	692	1612	0.215292	0.976550
16	693	1612	0.211801	0.977313
16	694	1612	0.202752	0.979230
16	695	1612	0.201629	0.979462
16	696	1611	0.197644	0.980274
16	697	1611	0.185415	0.982660
16	698	1611	0.168487	0.985704
16	699	1611	0.160777	0.986991
16	700	1611	0.149437	0.988771
16	701	1611	0.134346	0.990934
16	702	1611	0.115362	0.993324
16	703	1610	0.107293	0.994227
16	704	1610	0.095365	0.995442
16	705	1610	0.080883	0.996724
16	706	1610	0.063827	0.997961
16	707	1610	0.058597	0.998282
16	708	1610	0.052075	0.998643
16	709	1610	0.044256	0.999020
16	710	1610	0.035137	0.999383
16	711	1610	0.024717	0.999694
16	712	1610	0.013001	0.999915
16	713	1610	0.000000	1.000000
16	714	1610	0.000000	1.000000
16	715	1610	0.000000	1.000000
16	716	1610	0.000000	1.000000
16	717	1610	0.000000	1.000000
16	718	1610	0.000000	1.000000
16	719	1610	0.000000	1.000000
16	720	1610	0.000000	1.000000
16	721	1610	0.000000	1.000000
16	722	1610	0.000000	1.000000
16	723	1610	0.000000	1.000000
16	724	1610	0.000000	1.000000
16	725	1610	0.000000	1.000000
16	726	1610	0.000000	1.000000
16	727	1610	0.000000	1.000000
16	728	1610	0.000000	1.000000
16	729	1610	0.000000	1.000000
16	730	1610	0.000000	1.000000
16	731	1610	0.000000	1.000000
16	732	1610	-0.013001	0.999915
16	733	1610	-0.024717	0.999694
16	734	1610	-0.035137	0.999383
16	735	1610	-0.044256	0.999020
16	736	1610	-0.052075	0.998643
16	737	1610	-0.071715	0.997425
16	738	1610	-0.088763	0.996053
16	739	1610	-0.103229	0.994658
16	740	1610	-0.115141	0.993349
16	741	1610	-0.137817	0.990458
16	742	1611	-0.153418	0.988161
16	743	1611	-0.167101	0.985940
16	744	1611	-0.177115	0.984190
16	745	1611	-0.196211	0.980562
16	746	1611	-0.210583	0.977576
16	747	1612	-0.217572	0.976044
16	748	1612	-0.220853	0.975307
16	749	1612	-0.231898	0.972740
16	750	1612	-0.237533	0.971379
16	751	1613	-0.235918	0.971773
16	752	1613	-0.228141	0.973628
16	753	1613	-0.228141	0.973628
16	754	1613	-0.223815	0.974632
16	755	1614	-0.215292	0.976550
16	756	1614	-0.188184	0.982134
16	757	1614	-0.179011	0.983847
16	758	1614	-0.175177	0.984537
16	759	1615	-0.214268	0.976775
16	760	1615	-0.205552	0.978646
16	761	1615	-0.183422	0.983034
16	762	1615	-0.172708	0.984973
16	763	1615	-0.152466	0.988309
16	764	1615	-0.123102	0.992394
16	765	1615	-0.085658	0.996325
16	766	1614	0.073473	0.997297
17	801	1532	-0.788487	-0.615051
17	801	1533	-0.727906	-0.685677
17	800	1534	-0.723508	-0.690316
17	800	1535	-0.669409	-0.742894
17	799	1536	-0.670797	-0.741641
17	798	1537	-0.682816	-0.730591
17	797	1538	-0.694574	-0.719421
17	796	1539	-0.705004	-0.709203
17	795	1539	-0.725451	-0.688274
17	794	1540	-0.724331	-0.689452
17	793	1541	-0.722395	-0.691481
17	792	1542	-0.721474	-0.692441
17	791	1543	-0.724147	-0.689645
17	790	1544	-0.725632	-0.688083
17	789	1545	-0.731751	-0.681572
17	789	1546	-0.739868	-0.672752
17	788	1547	-0.750436	-0.660943
17	787	1548	-0.759652	-0.650330
17	786	1549	-0.767400	-0.641168
17	785	1550	-0.769539	-0.638599
17	784	1551	-0.769964	-0.638087
17	784	1552	-0.769873	-0.638198
17	783	1553	-0.773342	-0.633989
17	782	1554	-0.774505	-0.632568
17	781	1555	-0.773342	-0.633989
17	780	1556	-0.769873	-0.638198
17	780	1557	-0.769964	-0.638087
17	779	1558	-0.774604	-0.632447
17	778	1559	-0.776942	-0.629573
17	777	1560	-0.776942	-0.629573
17	776	1561	-0.779262	-0.626698
17	775	1562	-0.778640	-0.627471
17	775	1563	-0.783529	-0.621355
17	774	1564	-0.790142	-0.612924
17	773	1565	-0.793810	-0.608166
17	772	1566	-0.798936	-0.601416
17	771	1567	-0.800405	-0.599459
17	771	1568	-0.814589	-0.580039
17	770	1569	-0.822043	-0.569425
17	769	1570	-0.830187	-0.557485
17	769	1571	-0.839228	-0.543780
17	768	1572	-0.846213	-0.532845
17	767	1573	-0.847959	-0.530062
17	767	1574	-0.861394	-0.507938
17	766	1575	-0.866683	-0.498860
17	766	1576	-0.875462	-0.483288
17	765	1577	-0.877625	-0.479347
17	765	1578	-0.881675	-0.471858
17	764	1579	-0.889662	-0.456620
17	764	1580	-0.893961	-0.448144
17	763	1581	-0.897137	-0.441752
17	763	1582	-0.905879	-0.423536
17	762	1583	-0.912574	-0.408912
17	762	1584	-0.915537	-0.402233
17	761	1585	-0.920374	-0.391039
17	761	1586	-0.926438	-0.376448
17	760	1587	-0.932694	-0.360669
17	760	1588	-0.940702	-0.339233
17	760	1589	-0.950389	-0.311063
17	759	1590	-0.955806	-0.293997
17	759	1591	-0.965471	-0.260509
17	759	1592	-0.972217	-0.234081
17	759	1593	-0.979495	-0.201470
17	758	1594	-0.985620	-0.168977
17	758	1595	-0.992151	-0.125042
17	758	1596	-0.996868	-0.079087
17	758	1597	-0.999523	-0.030870
17	758	1598	-0.999845	0.017583
17	758	1599	-0.996872	0.079031
17	758	1600	-0.988420	0.151741
17	758	1601	-0.975349	0.220667
17	758	1602	-0.955048	0.296450
17	758	1603	-0.926628	0.375979
17	759	1604	-0.911488	0.411326
17	759	1605	-0.904340	0.426814
17	760	1606	-0.901501	0.432777
17	760	1607	-0.898573	0.438825
17	761	1608	-0.887044	0.461685
17	762	1609	-0.866265	0.499585
17	763	1610	-0.838730	0.544548
17	764	1611	-0.808484	0.588518
17	765	1612	-0.779935	0.625860
17	766	1613	-0.756489	0.654007
17	766	1614	-0.794794	0.606879
