15.6874
6.22458
9.15014
20.1073
11.872
5.94032
20.2537
9.13511
14.4198
14.3277
12.4408
37.2142
6.47488
18.2176
15.1039
6.57649
7.10705
9.75453
28.6851
6.66505
31.3209
36.6847
6.27108
5.8302
4.40055
8.88029
15.8433
9.1814
16.6289
5.37371
18.126
8.93771
5.75511
6.39882
20.5553
7.29305
21.7161
29.2168
7.63962
24.7549
4.79241
7.99758
7.64243
8.56378
10.2474
6.79519
9.29642
25.9363
3.40942
5.14014
1.55507
4.71918
4.85242
5.0094
12.9891
13.5764
10.7149
22.4934
15.396
11.8858
7.78078
4.21896
8.99466
11.1951
53.3713
9.79463
9.53122
16.1121
2.84057
5.63926
5.44645
3.09932
13.3652
13.882
10.1357
6.74276
3.59565
14.1253
5.98207
12.7195
15.2818
15.6498
12.9406
6.6702
8.46383
4.76978
10.4862
10.3058
