14
1	904	1695	0.730289	-0.683138
1	903	1695	0.799799	-0.600268
1	902	1694	0.825934	-0.563768
1	901	1693	0.845873	-0.533385
1	900	1692	0.866537	-0.499112
1	899	1691	0.884120	-0.467260
1	899	1690	0.868733	-0.495280
1	898	1689	0.879321	-0.476230
1	898	1688	0.877987	-0.478684
1	897	1687	0.880474	-0.474095
1	897	1686	0.883805	-0.467855
1	896	1685	0.894427	-0.447214
1	896	1684	0.906753	-0.421663
1	895	1683	0.910972	-0.412468
1	895	1682	0.917828	-0.396978
1	895	1681	0.922523	-0.385942
1	894	1680	0.921917	-0.387388
1	894	1679	0.925680	-0.378308
1	894	1678	0.927493	-0.373840
1	893	1677	0.929854	-0.367929
1	893	1676	0.930458	-0.366398
1	892	1675	0.934452	-0.356088
1	892	1674	0.933545	-0.358461
1	891	1673	0.934654	-0.355558
1	891	1672	0.936197	-0.351475
1	891	1671	0.939819	-0.341672
1	890	1670	0.941506	-0.336995
1	890	1669	0.943268	-0.332032
1	890	1668	0.947081	-0.320994
1	889	1667	0.952780	-0.303661
1	889	1666	0.957763	-0.287558
1	889	1665	0.964185	-0.265230
1	888	1664	0.964719	-0.263281
1	888	1663	0.968386	-0.249458
1	888	1662	0.970072	-0.242816
1	888	1661	0.972995	-0.230827
1	887	1660	0.976625	-0.214952
1	887	1659	0.979211	-0.202844
1	887	1658	0.982528	-0.186117
1	887	1657	0.986371	-0.164534
1	887	1656	0.988376	-0.152028
1	887	1655	0.990745	-0.135739
1	886	1654	0.993185	-0.116546
1	886	1653	0.994378	-0.105893
1	886	1652	0.995694	-0.092700
1	886	1651	0.997036	-0.076941
1	886	1650	0.997438	-0.071529
1	886	1649	0.997059	-0.076643
1	886	1648	0.996859	-0.079194
1	886	1647	0.996859	-0.079194
1	886	1646	0.997966	-0.063745
1	886	1645	0.998899	-0.046903
1	886	1644	0.999588	-0.028685
1	886	1643	0.999724	-0.023479
1	886	1642	0.999833	-0.018268
1	886	1641	0.999915	-0.013051
1	885	1640	0.999968	-0.007967
1	885	1639	0.999996	-0.002656
1	885	1638	0.999996	0.002656
1	885	1637	0.999968	0.007967
1	886	1636	0.999915	0.013051
1	886	1635	0.999833	0.018268
1	886	1634	0.999724	0.023479
1	886	1633	0.999588	0.028685
1	886	1632	0.999426	0.033884
1	886	1631	0.999236	0.039075
1	886	1630	0.999020	0.044256
1	886	1629	0.998841	0.048135
1	886	1628	0.998778	0.049426
1	886	1627	0.998841	0.048135
1	886	1626	0.999020	0.044256
1	886	1625	0.998643	0.052075
1	886	1624	0.998282	0.058597
1	886	1623	0.997961	0.063827
1	886	1622	0.996724	0.080883
1	886	1621	0.995442	0.095365
1	886	1620	0.994227	0.107293
1	887	1619	0.993324	0.115362
1	887	1618	0.992583	0.121565
1	887	1617	0.990431	0.138006
1	887	1616	0.988589	0.150639
1	887	1615	0.987184	0.159587
1	887	1614	0.986303	0.164941
1	887	1613	0.983741	0.179596
1	888	1612	0.982352	0.187042
1	888	1611	0.981691	0.190480
1	888	1610	0.981912	0.189337
1	888	1609	0.983004	0.183582
1	888	1608	0.979958	0.199203
1	889	1607	0.978137	0.207963
1	889	1606	0.977182	0.212403
1	889	1605	0.977182	0.212403
1	889	1604	0.978137	0.207963
1	890	1603	0.977444	0.211194
1	890	1602	0.978426	0.206600
1	890	1601	0.977715	0.209938
1	890	1600	0.977952	0.208828
1	890	1599	0.979129	0.203239
1	891	1598	0.978793	0.204852
1	891	1597	0.979972	0.199135
1	891	1596	0.979512	0.201387
1	891	1595	0.979972	0.199135
1	891	1594	0.981333	0.192318
1	892	1593	0.981333	0.192318
1	892	1592	0.979972	0.199135
1	892	1591	0.979512	0.201387
1	892	1590	0.979972	0.199135
1	892	1589	0.978793	0.204852
1	893	1588	0.979129	0.203239
1	893	1587	0.975248	0.221113
1	893	1586	0.972419	0.233239
1	893	1585	0.967623	0.252399
1	893	1584	0.960566	0.278054
1	894	1583	0.957477	0.288509
1	894	1582	0.947593	0.319479
1	894	1581	0.934687	0.355471
1	894	1580	0.918173	0.396180
1	895	1579	0.906838	0.421479
1	895	1578	0.886979	0.461810
1	896	1577	0.868481	0.495722
1	896	1576	0.835151	0.550020
1	897	1575	0.807190	0.590292
1	898	1574	0.772519	0.634991
1	898	1573	0.716635	0.697448
1	899	1572	0.665301	0.746575
1	900	1571	0.608522	0.793537
1	901	1570	0.549442	0.835532
1	902	1569	0.543167	0.839624
1	903	1568	0.963258	0.268578
1	904	1568	-0.784944	0.619567
1	905	1569	-0.549131	0.835737
1	906	1570	-0.547441	0.836845
1	907	1571	-0.573297	0.819347
1	908	1572	-0.604288	0.796766
1	909	1573	-0.641527	0.767100
1	910	1574	-0.672614	0.739993
1	911	1575	-0.697221	0.716857
1	911	1576	-0.715375	0.698741
1	912	1577	-0.731724	0.681601
1	913	1578	-0.739595	0.673052
1	914	1579	-0.742218	0.670159
1	915	1580	-0.743802	0.668400
1	916	1581	-0.744332	0.667810
1	917	1582	-0.743802	0.668400
1	918	1583	-0.742218	0.670159
1	919	1584	-0.744144	0.668019
1	920	1585	-0.744488	0.667636
1	921	1586	-0.743235	0.669030
1	921	1587	-0.748180	0.663495
1	922	1588	-0.750881	0.660437
1	923	1589	-0.752512	0.658578
1	924	1590	-0.757837	0.652444
1	925	1591	-0.761575	0.648077
1	926	1592	-0.763665	0.645612
1	927	1593	-0.764071	0.645132
1	927	1594	-0.768965	0.639291
1	928	1595	-0.771846	0.635810
1	929	1596	-0.772424	0.635107
1	930	1597	-0.770691	0.637209
1	931	1598	-0.772278	0.635285
1	932	1599	-0.772130	0.635464
1	932	1600	-0.777044	0.629446
1	933	1601	-0.779398	0.626529
1	934	1602	-0.779398	0.626529
1	935	1603	-0.777044	0.629446
1	935	1604	-0.772130	0.635464
1	936	1605	-0.772278	0.635285
1	937	1606	-0.770691	0.637209
1	938	1607	-0.767400	0.641168
1	939	1608	-0.762457	0.647039
1	940	1609	-0.755936	0.654645
1	940	1610	-0.746255	0.665660
1	941	1611	-0.742945	0.669353
1	942	1612	-0.738640	0.674100
1	943	1613	-0.733393	0.679805
1	944	1614	-0.722983	0.690866
1	945	1615	-0.716734	0.697346
1	946	1616	-0.710341	0.703858
1	947	1617	-0.703858	0.710341
1	948	1618	-0.692852	0.721079
1	949	1619	-0.682087	0.731271
1	950	1620	-0.671746	0.740782
1	951	1621	-0.662213	0.749315
1	952	1622	-0.653994	0.756500
1	953	1623	-0.642562	0.766234
1	954	1623	-0.619567	0.784944
1	955	1624	-0.604523	0.796588
1	956	1625	-0.586821	0.809716
1	957	1626	-0.573038	0.819528
1	958	1626	-0.545580	0.838058
1	959	1627	-0.524269	0.851552
1	960	1628	-0.503330	0.864094
1	961	1628	-0.466399	0.884574
1	962	1629	-0.442527	0.896755
1	963	1629	-0.404107	0.914712
1	964	1629	-0.369558	0.929208
1	965	1630	-0.332600	0.943068
1	966	1630	-0.287187	0.957875
1	967	1631	-0.257751	0.966211
1	968	1631	-0.220440	0.975401
1	969	1631	-0.176780	0.984250
1	970	1631	-0.129598	0.991567
1	971	1631	-0.092743	0.995690
1	972	1631	-0.039904	0.999204
1	973	1631	0.000000	1.000000
1	974	1631	0.039904	0.999204
1	975	1631	0.092743	0.995690
1	976	1631	0.129598	0.991567
1	977	1631	0.176780	0.984250
1	978	1631	0.206562	0.978434
1	979	1631	0.245189	0.969475
1	980	1630	0.264186	0.964472
1	981	1630	0.299452	0.954111
1	982	1629	0.331179	0.943568
1	983	1629	0.359299	0.933222
1	984	1629	0.392239	0.919863
1	985	1628	0.406468	0.913665
1	986	1628	0.430618	0.902534
1	987	1627	0.448890	0.893587
1	988	1627	0.463384	0.886158
1	989	1626	0.472229	0.881476
1	990	1626	0.477312	0.878734
1	991	1625	0.484491	0.874796
1	992	1624	0.494242	0.869324
1	993	1624	0.502554	0.864546
1	994	1623	0.509505	0.860468
1	995	1623	0.516958	0.856011
1	996	1622	0.519209	0.854647
1	997	1621	0.522482	0.852650
1	998	1621	0.522848	0.852426
1	999	1620	0.521762	0.853091
1	1000	1620	0.528949	0.848653
1	1001	1619	0.530703	0.847558
1	1002	1618	0.531760	0.846895
1	1003	1618	0.539389	0.842057
1	1004	1617	0.535234	0.844704
1	1005	1616	0.539389	0.842057
1	1006	1616	0.539714	0.841848
1	1007	1615	0.537647	0.843170
1	1008	1615	0.544169	0.838976
1	1009	1614	0.544758	0.838594
1	1010	1613	0.544758	0.838594
1	1011	1612	0.544169	0.838976
1	1012	1612	0.537647	0.843170
1	1013	1611	0.539714	0.841848
1	1014	1611	0.539389	0.842057
1	1015	1610	0.535234	0.844704
1	1016	1609	0.539389	0.842057
1	1017	1609	0.531760	0.846895
1	1018	1608	0.530703	0.847558
1	1019	1607	0.521375	0.853328
1	1020	1607	0.514399	0.857551
1	1021	1606	0.508705	0.860941
1	1022	1606	0.509106	0.860704
1	1023	1605	0.499829	0.866124
1	1024	1604	0.500819	0.865552
1	1025	1604	0.485782	0.874080
1	1026	1603	0.483095	0.875568
1	1027	1603	0.476160	0.879359
1	1028	1602	0.470864	0.882206
1	1029	1602	0.462702	0.886514
1	1030	1601	0.465223	0.885194
1	1031	1601	0.456409	0.889770
1	1032	1600	0.457688	0.889113
1	1033	1600	0.448144	0.893961
1	1034	1599	0.439103	0.898437
1	1035	1599	0.439682	0.898153
1	1036	1598	0.431769	0.901984
1	1037	1598	0.432965	0.901411
1	1038	1597	0.426260	0.904601
1	1039	1597	0.418544	0.908196
1	1040	1596	0.414330	0.910127
1	1041	1596	0.407723	0.913106
1	1042	1595	0.406169	0.913798
1	1043	1595	0.400819	0.916157
1	1044	1595	0.389180	0.921162
1	1045	1594	0.389180	0.921162
1	1046	1594	0.379405	0.925231
1	1047	1593	0.383775	0.923427
1	1048	1593	0.376106	0.926576
1	1049	1593	0.373117	0.927784
1	1050	1592	0.370167	0.928965
1	1051	1592	0.370167	0.928965
1	1052	1591	0.362945	0.931810
1	1053	1591	0.366807	0.930297
1	1054	1591	0.364498	0.931204
1	1055	1590	0.363009	0.931786
1	1056	1590	0.363784	0.931483
1	1057	1589	0.357947	0.933742
1	1058	1589	0.362652	0.931924
1	1059	1589	0.361095	0.932529
1	1060	1588	0.350668	0.936500
1	1061	1588	0.353081	0.935593
1	1062	1588	0.349047	0.937105
1	1063	1587	0.346013	0.938230
1	1064	1587	0.346830	0.937928
1	1065	1586	0.340704	0.940171
1	1066	1586	0.345663	0.938359
1	1067	1586	0.344021	0.938962
1	1068	1585	0.345542	0.938403
1	1069	1585	0.348806	0.937195
1	1070	1585	0.345542	0.938403
1	1071	1584	0.354584	0.935024
1	1072	1584	0.355381	0.934722
1	1073	1584	0.360955	0.932583
1	1074	1583	0.363784	0.931483
1	1075	1583	0.372364	0.928087
1	1076	1582	0.380863	0.924632
1	1077	1582	0.392031	0.919952
1	1078	1582	0.396742	0.917930
1	1079	1581	0.407723	0.913106
1	1080	1581	0.424778	0.905298
1	1081	1580	0.437564	0.899187
1	1082	1580	0.457472	0.889224
1	1083	1579	0.464227	0.885716
1	1084	1579	0.464694	0.885472
1	1085	1578	0.472533	0.881313
1	1086	1578	0.470286	0.882514
1	1087	1577	0.483978	0.875080
1	1088	1577	0.469263	0.883059
1	1089	1576	0.482027	0.876156
1	1090	1575	0.516949	0.856016
1	1091	1574	0.552898	0.833249
1	1091	1574	0.564702	0.825295
1	1092	1574	0.515072	0.857147
1	1093	1574	0.462804	0.886461
1	1094	1573	0.500139	0.865945
2	901	1303	0.865880	0.500251
2	901	1302	0.837533	0.546387
2	902	1301	0.868391	0.495880
2	903	1300	0.890281	0.455413
2	903	1299	0.872836	0.488013
2	904	1298	0.890177	0.455615
2	904	1297	0.878884	0.477036
2	905	1296	0.896348	0.443352
2	906	1295	0.905357	0.424651
2	906	1294	0.903040	0.429557
2	907	1293	0.902802	0.430057
2	907	1292	0.912538	0.408993
2	907	1291	0.924634	0.380857
2	908	1290	0.929480	0.368873
2	908	1289	0.935362	0.353692
2	909	1288	0.941600	0.336733
2	909	1287	0.949244	0.314541
2	909	1286	0.958431	0.285324
2	909	1285	0.965093	0.261909
2	910	1284	0.966068	0.258288
2	910	1283	0.969932	0.243377
2	910	1282	0.971840	0.235644
2	910	1281	0.974941	0.222464
2	911	1280	0.978822	0.204712
2	911	1279	0.981511	0.191406
2	911	1278	0.984852	0.173397
2	911	1277	0.986371	0.164534
2	911	1276	0.988376	0.152028
2	911	1275	0.990745	0.135739
2	912	1274	0.993185	0.116546
2	912	1273	0.994378	0.105893
2	912	1272	0.995694	0.092700
2	912	1271	0.997036	0.076941
2	912	1270	0.998282	0.058597
2	912	1269	0.998643	0.052075
2	912	1268	0.999020	0.044256
2	912	1267	0.999383	0.035137
2	912	1266	0.999694	0.024717
2	912	1265	0.999915	0.013001
2	912	1264	1.000000	0.000000
2	912	1263	1.000000	0.000000
2	912	1262	1.000000	0.000000
2	912	1261	0.999915	-0.013001
2	912	1260	0.999694	-0.024717
2	912	1259	0.999383	-0.035137
2	912	1258	0.999020	-0.044256
2	912	1257	0.998643	-0.052075
2	912	1256	0.998282	-0.058597
2	912	1255	0.997961	-0.063827
2	912	1254	0.997701	-0.067770
2	912	1253	0.997517	-0.070430
2	912	1252	0.997419	-0.071807
2	911	1251	0.997419	-0.071807
2	911	1250	0.997517	-0.070430
2	911	1249	0.997701	-0.067770
2	911	1248	0.997961	-0.063827
2	911	1247	0.998282	-0.058597
2	911	1246	0.998643	-0.052075
2	911	1245	0.999020	-0.044256
2	911	1244	0.999754	-0.022177
2	911	1243	1.000000	0.000000
2	911	1242	0.999754	0.022177
2	911	1241	0.999020	0.044256
2	911	1240	0.998643	0.052075
2	911	1239	0.997425	0.071715
2	911	1238	0.996053	0.088763
2	911	1237	0.994658	0.103229
2	911	1236	0.993349	0.115141
2	911	1235	0.990458	0.137817
2	912	1234	0.988161	0.153418
2	912	1233	0.985940	0.167101
2	912	1232	0.984190	0.177115
2	912	1231	0.983004	0.183582
2	912	1230	0.979958	0.199203
2	913	1229	0.978137	0.207963
2	913	1228	0.977182	0.212403
2	913	1227	0.977182	0.212403
2	913	1226	0.975436	0.220281
2	914	1225	0.975070	0.221897
2	914	1224	0.976345	0.216217
2	914	1223	0.973059	0.230558
2	914	1222	0.970927	0.239376
2	914	1221	0.966851	0.255343
2	915	1220	0.965447	0.260600
2	915	1219	0.965447	0.260600
2	915	1218	0.960237	0.279187
2	915	1217	0.956508	0.291707
2	916	1216	0.952903	0.303276
2	916	1215	0.950389	0.311063
2	916	1214	0.941920	0.335837
2	917	1213	0.934014	0.357236
2	917	1212	0.927200	0.374565
2	918	1211	0.920552	0.390620
2	918	1210	0.911943	0.410317
2	918	1209	0.901631	0.432506
2	919	1208	0.894614	0.446839
2	919	1207	0.882685	0.469964
2	920	1206	0.875416	0.483370
2	920	1205	0.858175	0.513357
2	921	1204	0.847745	0.530405
2	922	1203	0.837193	0.546908
2	922	1202	0.815260	0.579096
2	923	1201	0.800963	0.598713
2	924	1200	0.783266	0.621687
2	924	1199	0.756982	0.653435
2	925	1198	0.741741	0.670686
2	926	1197	0.720751	0.693194
2	927	1196	0.703099	0.711092
2	928	1195	0.680583	0.732671
2	929	1194	0.663040	0.748584
2	930	1193	0.641832	0.766845
2	931	1193	0.609076	0.793111
2	932	1192	0.587527	0.809205
2	933	1191	0.563958	0.825803
2	934	1191	0.531464	0.847081
2	935	1190	0.511104	0.859519
2	936	1190	0.487631	0.873050
2	937	1189	0.469473	0.882947
2	938	1189	0.444213	0.895921
2	939	1188	0.433039	0.901375
2	940	1188	0.416902	0.908952
2	941	1187	0.407659	0.913134
2	942	1187	0.392031	0.919952
2	943	1187	0.380863	0.924632
2	944	1186	0.372364	0.928087
2	945	1186	0.353433	0.935460
2	946	1185	0.351980	0.936007
2	947	1185	0.336455	0.941700
2	948	1185	0.326371	0.945242
2	949	1184	0.310820	0.950469
2	950	1184	0.295792	0.955253
2	951	1184	0.285970	0.958239
2	952	1183	0.284312	0.958732
2	953	1183	0.270738	0.962653
2	954	1183	0.250956	0.967998
2	955	1183	0.238041	0.971255
2	956	1182	0.220753	0.975330
2	957	1182	0.207591	0.978216
2	958	1182	0.189796	0.981824
2	959	1182	0.179441	0.983769
2	960	1182	0.177115	0.984190
2	961	1181	0.171138	0.985247
2	962	1181	0.157594	0.987504
2	963	1181	0.153418	0.988161
2	964	1181	0.145636	0.989338
2	965	1181	0.134178	0.990957
2	966	1181	0.118938	0.992902
2	967	1181	0.113971	0.993484
2	968	1181	0.119391	0.992847
2	969	1180	0.120940	0.992660
2	970	1180	0.117998	0.993014
2	971	1180	0.111336	0.993783
2	972	1180	0.115069	0.993357
2	973	1180	0.116310	0.993213
2	974	1180	0.115069	0.993357
2	975	1180	0.111336	0.993783
2	976	1180	0.117998	0.993014
2	977	1180	0.120940	0.992660
2	978	1179	0.119391	0.992847
2	979	1179	0.113971	0.993484
2	980	1179	0.118938	0.992902
2	981	1179	0.121412	0.992602
2	982	1179	0.121412	0.992602
2	983	1179	0.118938	0.992902
2	984	1179	0.113971	0.993484
2	985	1179	0.106472	0.994316
2	986	1178	0.096760	0.995308
2	987	1178	0.083546	0.996504
2	988	1178	0.067770	0.997701
2	989	1178	0.050981	0.998700
2	990	1178	0.034061	0.999420
2	991	1178	0.017053	0.999855
2	992	1178	0.000000	1.000000
2	993	1178	-0.017053	0.999855
2	994	1178	-0.034061	0.999420
2	995	1178	-0.064159	0.997940
2	996	1178	-0.092700	0.995694
2	997	1178	-0.105893	0.994378
2	998	1178	-0.116546	0.993185
2	999	1179	-0.135739	0.990745
2	1000	1179	-0.152028	0.988376
2	1001	1179	-0.177332	0.984151
2	1002	1179	-0.197586	0.980285
2	1003	1179	-0.225941	0.974141
2	1004	1179	-0.248437	0.968648
2	1005	1180	-0.270738	0.962653
2	1006	1180	-0.290103	0.956995
2	1007	1180	-0.315662	0.948872
2	1008	1180	-0.347067	0.937840
2	1009	1181	-0.356185	0.934415
2	1010	1181	-0.389325	0.921100
2	1011	1182	-0.414426	0.910083
2	1012	1182	-0.448351	0.893857
2	1013	1183	-0.473103	0.881007
2	1014	1183	-0.504799	0.863237
2	1015	1184	-0.524639	0.851325
2	1016	1184	-0.563958	0.825803
2	1017	1185	-0.587527	0.809205
2	1018	1186	-0.609076	0.793111
2	1019	1186	-0.641832	0.766845
2	1020	1187	-0.663040	0.748584
2	1021	1188	-0.684982	0.728560
2	1022	1189	-0.711228	0.702962
2	1023	1190	-0.736193	0.676771
2	1024	1191	-0.759356	0.650675
2	1025	1192	-0.780009	0.625768
2	1025	1193	-0.814873	0.579640
2	1026	1194	-0.835860	0.548942
2	1027	1195	-0.855595	0.517646
2	1027	1196	-0.890586	0.454815
2	1028	1197	-0.910262	0.414033
2	1028	1198	-0.941199	0.337852
2	1028	1199	-0.967753	0.251900
2	1028	1200	-0.987780	0.155851
2	1029	1201	-0.997492	0.070781
2	1029	1202	-0.999521	-0.030963
2	1029	1203	-0.991197	-0.132398
2	1029	1204	-0.970734	-0.240156
2	1029	1205	-0.938970	-0.344000
2	1028	1206	-0.916724	-0.399522
2	1028	1207	-0.874509	-0.485010
2	1027	1208	-0.851483	-0.524382
2	1026	1209	-0.826151	-0.563449
2	1025	1210	-0.796458	-0.604694
2	1025	1211	-0.758147	-0.652083
2	1024	1212	-0.737180	-0.675696
2	1023	1213	-0.714066	-0.700078
2	1022	1213	-0.689878	-0.723926
2	1021	1214	-0.667381	-0.744716
2	1020	1215	-0.650159	-0.759799
2	1019	1216	-0.628961	-0.777437
2	1018	1217	-0.614906	-0.788601
2	1017	1218	-0.598384	-0.801210
2	1016	1218	-0.574861	-0.818251
2	1015	1219	-0.556501	-0.830847
2	1014	1220	-0.548861	-0.835914
2	1013	1220	-0.536321	-0.844014
2	1012	1221	-0.530405	-0.847745
2	1011	1221	-0.515124	-0.857116
2	1010	1222	-0.501717	-0.865032
2	1009	1222	-0.493067	-0.869992
2	1008	1223	-0.483288	-0.875462
2	1007	1223	-0.482353	-0.875977
2	1006	1224	-0.487434	-0.873160
2	1005	1224	-0.485140	-0.874437
2	1004	1225	-0.486609	-0.873620
2	1003	1226	-0.490182	-0.871620
2	1002	1226	-0.491076	-0.871117
2	1001	1227	-0.500617	-0.865669
2	1000	1227	-0.509070	-0.860725
2	999	1228	-0.513650	-0.858000
2	998	1228	-0.520268	-0.854003
2	997	1229	-0.528585	-0.848880
2	996	1230	-0.536631	-0.843817
2	995	1230	-0.551839	-0.833951
2	994	1231	-0.560422	-0.828207
2	993	1231	-0.580638	-0.814162
2	992	1232	-0.594705	-0.803944
2	991	1233	-0.606503	-0.795081
2	990	1234	-0.625969	-0.779848
2	989	1234	-0.648005	-0.761636
2	988	1235	-0.667222	-0.744859
2	987	1236	-0.682471	-0.730913
2	986	1237	-0.702432	-0.711751
2	985	1238	-0.722054	-0.691837
2	984	1239	-0.740669	-0.671870
2	983	1240	-0.757795	-0.652493
2	982	1241	-0.773017	-0.634385
2	981	1242	-0.789553	-0.613683
2	981	1243	-0.816354	-0.577552
2	980	1244	-0.833046	-0.553204
2	980	1245	-0.855847	-0.517229
2	979	1246	-0.871959	-0.489579
2	979	1247	-0.889528	-0.456881
2	978	1248	-0.901852	-0.432046
2	978	1249	-0.917630	-0.397437
2	977	1250	-0.928020	-0.372530
2	977	1251	-0.940702	-0.339233
2	977	1252	-0.950389	-0.311063
2	976	1253	-0.955806	-0.293997
2	976	1254	-0.965471	-0.260509
2	976	1255	-0.972217	-0.234081
2	976	1256	-0.979495	-0.201470
2	975	1257	-0.985620	-0.168977
2	975	1258	-0.992151	-0.125042
2	975	1259	-0.995776	-0.091812
2	975	1260	-0.998445	-0.055739
2	975	1261	-0.999493	-0.031824
2	975	1262	-0.999978	-0.006613
2	975	1263	-0.999455	0.033015
2	975	1264	-0.998309	0.058136
2	975	1265	-0.996646	0.081834
2	975	1266	-0.994574	0.104032
2	976	1267	-0.992412	0.122956
2	976	1268	-0.990065	0.140612
2	976	1269	-0.988005	0.154425
2	976	1270	-0.986371	0.164534
2	976	1271	-0.985262	0.171050
2	976	1272	-0.984739	0.174037
2	977	1273	-0.982788	0.184737
2	977	1274	-0.981691	0.190480
2	977	1275	-0.978947	0.204117
2	977	1276	-0.977258	0.212053
2	977	1277	-0.976738	0.214438
2	978	1278	-0.975189	0.221374
2	978	1279	-0.974443	0.224636
2	978	1280	-0.974692	0.223551
2	978	1281	-0.973122	0.230292
2	978	1282	-0.972799	0.231649
2	979	1283	-0.974692	0.223551
2	979	1284	-0.974443	0.224636
2	980	1285	-0.971756	0.235987
2	980	1286	-0.971572	0.236744
2	980	1287	-0.972675	0.232169
2	980	1288	-0.975001	0.222202
2	980	1289	-0.975495	0.220021
2	980	1290	-0.974198	0.225696
2	981	1291	-0.974571	0.224078
2	981	1292	-0.976345	0.216217
2	981	1293	-0.976588	0.215117
2	981	1294	-0.975318	0.220803
2	982	1295	-0.975683	0.219186
2	982	1296	-0.974443	0.224636
2	982	1297	-0.971323	0.237766
2	982	1298	-0.969403	0.245475
2	982	1299	-0.968774	0.247945
2	983	1300	-0.970404	0.241485
2	983	1301	-0.973059	0.230558
2	983	1302	-0.970927	0.239376
2	984	1303	-0.970125	0.242606
2	984	1304	-0.971255	0.238041
2	984	1305	-0.973628	0.228141
2	984	1306	-0.974131	0.225983
2	985	1307	-0.975330	0.220753
2	985	1308	-0.975625	0.219446
2	985	1309	-0.977127	0.212656
2	985	1310	-0.979742	0.200262
2	985	1311	-0.980656	0.195738
2	986	1312	-0.982398	0.186799
2	986	1313	-0.985262	0.171050
2	986	1314	-0.986371	0.164534
2	986	1315	-0.988005	0.154425
2	986	1316	-0.990065	0.140612
2	986	1317	-0.992412	0.122956
2	987	1318	-0.993185	0.116546
2	987	1319	-0.994378	0.105893
2	987	1320	-0.996794	0.080017
2	987	1321	-0.998618	0.052552
2	987	1322	-0.999721	0.023633
2	987	1323	-0.999969	0.007884
2	987	1324	-0.999969	-0.007884
2	987	1325	-0.999721	-0.023633
2	987	1326	-0.999226	-0.039330
2	987	1327	-0.998490	-0.054940
2	987	1328	-0.997517	-0.070430
2	987	1329	-0.997419	-0.071807
2	986	1330	-0.997419	-0.071807
2	986	1331	-0.997517	-0.070430
2	986	1332	-0.997701	-0.067770
2	986	1333	-0.997961	-0.063827
2	986	1334	-0.998282	-0.058597
2	986	1335	-0.998643	-0.052075
2	986	1336	-0.999020	-0.044256
2	986	1337	-0.999383	-0.035137
2	986	1338	-0.999931	-0.011732
2	986	1339	-0.999931	0.011732
2	986	1340	-0.999383	0.035137
2	986	1341	-0.999020	0.044256
2	986	1342	-0.997872	0.065198
2	986	1343	-0.996504	0.083546
2	986	1344	-0.993638	0.112624
2	986	1345	-0.990458	0.137817
2	986	1346	-0.984968	0.172738
2	986	1347	-0.976290	0.216469
2	987	1348	-0.966500	0.256668
2	987	1349	-0.951232	0.308478
2	987	1350	-0.931271	0.364328
2	987	1351	-0.906029	0.423215
2	988	1352	-0.886979	0.461810
2	988	1353	-0.854716	0.519096
2	989	1354	-0.834022	0.551732
2	989	1355	-0.798679	0.601757
2	990	1356	-0.777114	0.629360
2	991	1357	-0.756017	0.654552
2	992	1358	-0.732492	0.680776
2	993	1359	-0.707424	0.706789
2	994	1360	-0.681220	0.732078
2	995	1361	-0.654963	0.755661
2	996	1361	-0.623048	0.782184
2	997	1362	-0.595406	0.803425
2	998	1363	-0.569684	0.821864
2	999	1364	-0.542860	0.839823
2	1000	1364	-0.500312	0.865845
2	1001	1365	-0.471076	0.882093
2	1002	1365	-0.423388	0.905948
2	1003	1366	-0.391093	0.920351
2	1004	1366	-0.341579	0.939853
2	1005	1366	-0.296583	0.955007
2	1006	1367	-0.257295	0.966333
2	1007	1367	-0.193215	0.981156
2	1008	1367	-0.137251	0.990536
2	1009	1367	-0.091113	0.995841
2	1010	1367	-0.056109	0.998425
2	1011	1367	-0.005333	0.999986
2	1012	1367	0.031951	0.999489
2	1013	1367	0.068840	0.997628
2	1014	1367	0.091213	0.995831
2	1015	1367	0.125495	0.992094
2	1016	1366	0.153418	0.988161
2	1017	1366	0.167101	0.985940
2	1018	1366	0.189796	0.981824
2	1019	1366	0.207591	0.978216
2	1020	1366	0.220753	0.975330
2	1021	1365	0.238041	0.971255
2	1022	1365	0.250956	0.967998
2	1023	1365	0.258566	0.965994
2	1024	1365	0.273264	0.961939
2	1025	1364	0.276663	0.960967
2	1026	1364	0.287558	0.957763
2	1027	1364	0.303661	0.952780
2	1028	1363	0.309738	0.950822
2	1029	1363	0.321871	0.946783
2	1030	1363	0.327733	0.944770
2	1031	1362	0.334076	0.942546
2	1032	1362	0.344844	0.938660
2	1033	1362	0.360955	0.932583
2	1034	1361	0.363784	0.931483
2	1035	1361	0.361451	0.932391
2	1036	1360	0.371643	0.928376
2	1037	1360	0.373148	0.927772
2	1038	1360	0.379384	0.925239
2	1039	1359	0.383408	0.923579
2	1040	1359	0.381956	0.924181
2	1041	1358	0.381956	0.924181
2	1042	1358	0.383408	0.923579
2	1043	1357	0.389200	0.921153
2	1044	1357	0.382321	0.924030
2	1045	1357	0.380130	0.924933
2	1046	1356	0.378669	0.925532
2	1047	1356	0.379405	0.925231
2	1048	1355	0.383775	0.923427
2	1049	1355	0.376106	0.926576
2	1050	1355	0.373117	0.927784
2	1051	1354	0.370167	0.928965
2	1052	1354	0.370167	0.928965
2	1053	1353	0.373117	0.927784
2	1054	1353	0.376106	0.926576
2	1055	1353	0.373117	0.927784
2	1056	1352	0.370167	0.928965
2	1057	1352	0.380863	0.924632
2	1058	1351	0.392764	0.919639
2	1059	1351	0.397476	0.917612
2	1060	1351	0.390755	0.920495
2	1061	1350	0.399949	0.916537
2	1062	1350	0.383865	0.923389
2	1063	1349	0.415806	0.909453
2	1064	1349	0.392716	0.919660
2	1065	1349	0.352610	0.935770
2	1066	1348	0.397529	0.917590
2	1067	1347	0.460020	0.887909
2	1068	1346	0.512450	0.858717
3	901	1303	-0.298674	0.954355
3	902	1304	-0.191853	0.981424
3	903	1305	-0.082904	0.996558
3	904	1305	-0.105873	0.994380
3	905	1305	-0.123048	0.992401
3	906	1305	-0.155998	0.987757
3	907	1305	-0.176774	0.984251
3	908	1305	-0.186408	0.982472
3	909	1305	-0.186697	0.982418
3	910	1305	-0.179771	0.983708
3	911	1306	-0.178716	0.983901
3	912	1306	-0.169456	0.985538
3	913	1306	-0.168280	0.985739
3	914	1306	-0.175949	0.984399
3	915	1306	-0.192786	0.981241
3	916	1307	-0.203239	0.979129
3	917	1307	-0.208828	0.977952
3	918	1307	-0.209938	0.977715
3	919	1307	-0.218927	0.975741
3	920	1307	-0.222423	0.974950
3	921	1308	-0.217572	0.976044
3	922	1308	-0.220853	0.975307
3	923	1308	-0.231898	0.972740
3	924	1308	-0.237533	0.971379
3	925	1309	-0.247845	0.968800
3	926	1309	-0.250956	0.967998
3	927	1309	-0.260600	0.965447
3	928	1309	-0.277224	0.960805
3	929	1310	-0.283733	0.958903
3	930	1310	-0.296408	0.955061
3	931	1310	-0.302407	0.953179
3	932	1310	-0.325765	0.945451
3	933	1311	-0.333227	0.942847
3	934	1311	-0.350459	0.936578
3	935	1312	-0.354938	0.934890
3	936	1312	-0.375340	0.926887
3	937	1312	-0.389241	0.921136
3	938	1313	-0.399087	0.916913
3	939	1313	-0.405127	0.914261
3	940	1314	-0.418544	0.908196
3	941	1314	-0.436389	0.899758
3	942	1315	-0.451294	0.892375
3	943	1315	-0.458650	0.888617
3	944	1316	-0.471362	0.881940
3	945	1316	-0.487459	0.873146
3	946	1317	-0.496650	0.867951
3	947	1317	-0.510864	0.859661
3	948	1318	-0.517339	0.855781
3	949	1318	-0.529346	0.848406
3	950	1319	-0.531082	0.847321
3	951	1320	-0.541065	0.840981
3	952	1321	-0.550740	0.834677
3	953	1321	-0.557861	0.829934
3	954	1322	-0.561246	0.827649
3	955	1323	-0.575852	0.817554
3	956	1323	-0.587132	0.809491
3	957	1324	-0.600429	0.799678
3	958	1325	-0.615412	0.788205
3	959	1325	-0.639259	0.768992
3	960	1326	-0.658039	0.752984
3	961	1327	-0.682205	0.731161
3	962	1328	-0.713309	0.700850
3	963	1328	-0.756324	0.654197
3	964	1329	-0.787993	0.615684
3	964	1330	-0.847848	0.530239
3	965	1331	-0.885953	0.463775
3	966	1332	-0.921572	0.388208
3	966	1333	-0.975246	0.221124
3	966	1334	-0.998892	0.047053
3	966	1335	-0.991489	-0.130190
3	966	1336	-0.960221	-0.279240
3	965	1337	-0.934632	-0.355617
3	965	1338	-0.891161	-0.453686
3	964	1339	-0.861033	-0.508549
3	964	1340	-0.810383	-0.585901
3	963	1341	-0.781398	-0.624033
3	962	1342	-0.754548	-0.656245
3	961	1343	-0.727819	-0.685769
3	960	1344	-0.703556	-0.710640
3	959	1345	-0.678314	-0.734772
3	958	1345	-0.649543	-0.760324
3	957	1346	-0.626473	-0.779443
3	956	1347	-0.605800	-0.795617
3	955	1348	-0.586774	-0.809750
3	954	1348	-0.562003	-0.827135
3	953	1349	-0.545580	-0.838058
3	952	1350	-0.535394	-0.844602
3	951	1350	-0.513987	-0.857798
3	950	1351	-0.506269	-0.862376
3	949	1351	-0.491444	-0.870909
3	948	1352	-0.488828	-0.872380
3	947	1352	-0.471858	-0.881675
3	946	1353	-0.465223	-0.885194
3	945	1353	-0.456409	-0.889770
3	944	1354	-0.457688	-0.889113
3	943	1354	-0.457688	-0.889113
3	942	1355	-0.465735	-0.884924
3	941	1355	-0.483466	-0.875363
3	940	1356	-0.496586	-0.867988
3	939	1356	-0.520597	-0.853802
3	938	1357	-0.535671	-0.844427
3	937	1357	-0.568340	-0.822794
3	936	1358	-0.586944	-0.809628
3	935	1358	-0.626666	-0.779288
3	934	1359	-0.650481	-0.759522
3	933	1360	-0.676083	-0.736826
3	932	1361	-0.701730	-0.712443
3	931	1362	-0.730791	-0.682601
3	930	1363	-0.753967	-0.656912
3	929	1364	-0.778441	-0.627718
3	928	1365	-0.799562	-0.600583
3	928	1366	-0.837762	-0.546036
3	927	1367	-0.853839	-0.520537
3	927	1368	-0.881675	-0.471858
3	927	1369	-0.903163	-0.429297
3	926	1370	-0.918247	-0.396007
3	926	1371	-0.936391	-0.350960
3	926	1372	-0.950875	-0.309576
3	925	1373	-0.961051	-0.276372
3	925	1374	-0.970706	-0.240269
3	925	1375	-0.977444	-0.211194
3	925	1376	-0.981779	-0.190027
3	924	1377	-0.985911	-0.167272
3	924	1378	-0.988926	-0.148413
3	924	1379	-0.993555	-0.113352
3	924	1380	-0.997172	-0.075154
3	924	1381	-0.998807	-0.048831
3	924	1382	-0.999777	-0.021094
3	924	1383	-0.999777	0.021094
3	924	1384	-0.998807	0.048831
3	924	1385	-0.996064	0.088632
3	924	1386	-0.990259	0.139237
3	924	1387	-0.979988	0.199058
3	924	1388	-0.967075	0.254493
3	925	1389	-0.953474	0.301477
3	925	1390	-0.931584	0.363526
3	925	1391	-0.901626	0.432517
3	925	1392	-0.859809	0.510615
3	926	1393	-0.828067	0.560629
3	926	1394	-0.763365	0.645968
3	927	1395	-0.720435	0.693523
3	928	1396	-0.672752	0.739868
3	929	1397	-0.624031	0.781399
3	930	1398	-0.578640	0.815583
3	931	1398	-0.473522	0.880782
3	932	1398	-0.372257	0.928130
3	933	1398	-0.281799	0.959473
3	934	1398	-0.200881	0.979616
3	935	1398	-0.115208	0.993341
3	936	1398	-0.042409	0.999100
3	937	1398	0.035260	0.999378
3	938	1398	0.097757	0.995210
3	939	1398	0.144406	0.989519
3	940	1398	0.175359	0.984504
3	941	1398	0.190528	0.981682
3	942	1397	0.195072	0.980789
3	943	1397	0.213926	0.976850
3	944	1397	0.228123	0.973632
3	945	1396	0.246803	0.969066
3	946	1396	0.260600	0.965447
3	947	1395	0.283337	0.959020
3	948	1395	0.293907	0.955834
3	949	1395	0.298598	0.954379
3	950	1395	0.309162	0.951010
3	951	1395	0.313302	0.949653
3	952	1395	0.311092	0.950380
3	953	1394	0.315893	0.948795
3	954	1394	0.320031	0.947407
3	955	1393	0.312205	0.950015
3	956	1393	0.311304	0.950311
3	957	1392	0.316004	0.948758
3	958	1392	0.322209	0.946669
3	959	1392	0.323084	0.946370
3	960	1391	0.320370	0.947293
3	961	1391	0.306424	0.951895
3	962	1391	0.286600	0.958050
3	963	1390	0.274499	0.961587
3	964	1390	0.261786	0.965126
3	965	1390	0.242816	0.970072
3	966	1390	0.242816	0.970072
3	967	1389	0.237298	0.971437
3	968	1389	0.234852	0.972031
3	969	1389	0.227064	0.973880
3	970	1389	0.225983	0.974131
3	971	1389	0.244225	0.969719
3	972	1389	0.256074	0.966657
3	973	1388	0.254912	0.966964
3	974	1388	0.263515	0.964655
3	975	1388	0.267034	0.963687
3	976	1387	0.262205	0.965012
3	977	1387	0.252564	0.967580
3	978	1387	0.250496	0.968118
3	979	1387	0.244225	0.969719
3	980	1386	0.232729	0.972542
3	981	1385	0.223539	0.974695
3	982	1385	0.198562	0.980088
3	983	1385	0.168692	0.985669
3	984	1385	0.148601	0.988897
3	985	1385	0.124691	0.992196
3	986	1385	0.084199	0.996449
3	987	1385	0.068301	0.997665
3	988	1385	0.036816	0.999322
3	989	1385	0.003937	0.999992
3	990	1385	-0.030025	0.999549
3	991	1385	-0.063910	0.997956
3	992	1385	-0.082267	0.996610
3	993	1385	-0.111363	0.993780
3	994	1385	-0.136577	0.990629
3	995	1385	-0.171534	0.985178
3	996	1386	-0.195783	0.980647
3	997	1385	-0.240170	0.970731
3	998	1386	-0.259479	0.965749
3	999	1386	-0.294962	0.955509
3	1000	1386	-0.323683	0.946166
3	1001	1387	-0.344821	0.938668
3	1002	1387	-0.367641	0.929968
3	1003	1388	-0.385952	0.922519
3	1004	1388	-0.412468	0.910972
3	1005	1389	-0.424279	0.905531
3	1006	1389	-0.441347	0.897336
3	1007	1390	-0.463963	0.885854
3	1008	1390	-0.471111	0.882074
3	1009	1391	-0.483288	0.875462
3	1010	1391	-0.498860	0.866683
3	1011	1392	-0.507938	0.861394
3	1012	1392	-0.530062	0.847959
3	1013	1393	-0.545760	0.837942
3	1014	1394	-0.567709	0.823229
3	1015	1394	-0.592202	0.805789
3	1016	1395	-0.615942	0.787791
3	1017	1396	-0.636635	0.771166
3	1018	1396	-0.666997	0.745060
3	1019	1397	-0.686918	0.726735
3	1020	1398	-0.707107	0.707107
3	1021	1399	-0.722328	0.691550
3	1022	1400	-0.736682	0.676239
3	1022	1401	-0.757939	0.652325
3	1023	1402	-0.771538	0.636184
3	1024	1403	-0.782882	0.622171
3	1024	1404	-0.790883	0.611967
3	1025	1405	-0.801213	0.598380
3	1026	1406	-0.808479	0.588525
3	1026	1407	-0.808943	0.587887
3	1027	1408	-0.808872	0.587985
3	1028	1409	-0.805661	0.592377
3	1029	1410	-0.804408	0.594077
3	1029	1411	-0.799659	0.600454
3	1030	1412	-0.799001	0.601329
3	1031	1413	-0.795276	0.606248
3	1032	1414	-0.788568	0.614948
3	1032	1415	-0.788933	0.614479
3	1033	1416	-0.788931	0.614482
3	1034	1417	-0.785922	0.618326
3	1035	1418	-0.785323	0.619086
3	1036	1419	-0.787119	0.616801
3	1036	1420	-0.787119	0.616801
3	1037	1421	-0.785323	0.619086
3	1038	1422	-0.785922	0.618326
3	1039	1423	-0.788931	0.614482
3	1040	1424	-0.788933	0.614479
3	1040	1425	-0.788568	0.614948
3	1041	1426	-0.790383	0.612613
3	1042	1427	-0.794663	0.607051
3	1043	1428	-0.795915	0.605408
3	1043	1429	-0.795782	0.605584
3	1044	1430	-0.798246	0.602332
3	1045	1431	-0.802628	0.596479
3	1046	1432	-0.808549	0.588429
3	1046	1433	-0.813388	0.581721
3	1047	1434	-0.819410	0.573207
3	1048	1435	-0.820985	0.570950
3	1049	1436	-0.828444	0.560072
3	1049	1437	-0.837277	0.546779
3	1050	1438	-0.843561	0.537033
3	1051	1439	-0.848846	0.528640
3	1051	1440	-0.861871	0.507128
3	1052	1441	-0.870242	0.492624
3	1052	1442	-0.878291	0.478126
3	1053	1443	-0.882947	0.469473
3	1053	1444	-0.891443	0.453133
3	1054	1445	-0.897521	0.440972
3	1054	1446	-0.905415	0.424527
3	1055	1447	-0.906057	0.423156
3	1055	1448	-0.913566	0.406691
3	1055	1449	-0.918883	0.394530
3	1056	1450	-0.919496	0.393098
3	1056	1451	-0.923880	0.382683
3	1057	1452	-0.922672	0.385587
3	1057	1453	-0.926129	0.377208
3	1058	1454	-0.923123	0.384506
3	1058	1455	-0.925680	0.378308
3	1058	1456	-0.921917	0.387388
3	1059	1457	-0.922523	0.385942
3	1059	1458	-0.917828	0.396978
3	1059	1459	-0.915784	0.401672
3	1060	1460	-0.915699	0.401865
3	1060	1461	-0.913037	0.407876
3	1061	1462	-0.911724	0.410804
3	1061	1463	-0.908440	0.418016
3	1062	1464	-0.905879	0.423536
3	1062	1465	-0.901984	0.431769
3	1063	1466	-0.898153	0.439682
3	1063	1467	-0.898437	0.439103
3	1064	1468	-0.898437	0.439103
3	1064	1469	-0.898153	0.439682
3	1065	1470	-0.901984	0.431769
3	1065	1471	-0.901411	0.432965
3	1066	1472	-0.904601	0.426260
3	1066	1473	-0.908196	0.418544
3	1067	1474	-0.910127	0.414330
3	1067	1475	-0.913106	0.407723
3	1068	1476	-0.917930	0.396742
3	1068	1477	-0.919952	0.392031
3	1068	1478	-0.924632	0.380863
3	1069	1479	-0.928087	0.372364
3	1069	1480	-0.935460	0.353433
3	1070	1481	-0.936007	0.351980
3	1070	1482	-0.941700	0.336455
3	1070	1483	-0.945242	0.326371
3	1071	1484	-0.946922	0.321463
3	1071	1485	-0.948609	0.316450
3	1071	1486	-0.952316	0.305112
3	1072	1487	-0.953767	0.300546
3	1072	1488	-0.955061	0.296408
3	1072	1489	-0.958332	0.285656
3	1072	1490	-0.959758	0.280828
3	1073	1491	-0.963465	0.267835
3	1073	1492	-0.962351	0.271811
3	1073	1493	-0.962908	0.269828
3	1074	1494	-0.965207	0.261488
3	1074	1495	-0.966422	0.256960
3	1074	1496	-0.965878	0.258996
3	1074	1497	-0.966964	0.254912
3	1075	1498	-0.966539	0.256522
3	1075	1499	-0.967998	0.250956
3	1075	1500	-0.967730	0.251988
3	1075	1501	-0.969066	0.246803
3	1076	1502	-0.969066	0.246803
3	1076	1503	-0.967730	0.251988
3	1076	1504	-0.967998	0.250956
3	1076	1505	-0.966539	0.256522
3	1077	1506	-0.963826	0.266533
3	1077	1507	-0.962993	0.269526
3	1077	1508	-0.963826	0.266533
3	1077	1509	-0.959392	0.282078
3	1078	1510	-0.957952	0.286928
3	1078	1511	-0.954379	0.298598
3	1078	1512	-0.952780	0.303661
3	1079	1513	-0.950822	0.309738
3	1079	1514	-0.946783	0.321871
3	1079	1515	-0.944770	0.327733
3	1080	1516	-0.946370	0.323084
3	1080	1517	-0.942246	0.334922
3	1080	1518	-0.940171	0.340704
3	1081	1519	-0.941823	0.336110
3	1081	1520	-0.945657	0.325164
3	1082	1521	-0.943508	0.331351
3	1082	1522	-0.945242	0.326371
3	1082	1523	-0.949017	0.315226
3	1083	1524	-0.950469	0.310820
3	1083	1525	-0.951812	0.306682
3	1083	1526	-0.955161	0.296087
3	1084	1527	-0.956120	0.292974
3	1084	1528	-0.960417	0.278567
3	1084	1529	-0.966150	0.257979
3	1084	1530	-0.966693	0.255937
3	1085	1531	-0.968920	0.247373
3	1085	1532	-0.970072	0.242816
3	1085	1533	-0.972485	0.232967
3	1085	1534	-0.976044	0.217572
3	1086	1535	-0.974950	0.222423
3	1086	1536	-0.975741	0.218927
3	1086	1537	-0.977715	0.209938
3	1086	1538	-0.977952	0.208828
3	1086	1539	-0.979129	0.203239
3	1087	1540	-0.978793	0.204852
3	1087	1541	-0.979972	0.199135
3	1087	1542	-0.979512	0.201387
3	1087	1543	-0.979972	0.199135
3	1087	1544	-0.978793	0.204852
3	1088	1545	-0.979129	0.203239
3	1088	1546	-0.977952	0.208828
3	1088	1547	-0.977715	0.209938
3	1088	1548	-0.975741	0.218927
3	1088	1549	-0.974950	0.222423
3	1089	1550	-0.976044	0.217572
3	1089	1551	-0.975307	0.220853
3	1089	1552	-0.972740	0.231898
3	1089	1553	-0.971379	0.237533
3	1090	1554	-0.971773	0.235918
3	1090	1555	-0.970735	0.240154
3	1090	1556	-0.967998	0.250956
3	1090	1557	-0.966539	0.256522
3	1091	1558	-0.966964	0.254912
3	1091	1559	-0.965878	0.258996
3	1091	1560	-0.966422	0.256960
3	1091	1561	-0.965207	0.261488
3	1092	1562	-0.966072	0.258273
3	1092	1563	-0.968340	0.249636
3	1092	1564	-0.970424	0.241408
3	1093	1565	-0.963861	0.266406
3	1093	1566	-0.964486	0.264135
3	1093	1567	-0.968484	0.249075
3	1093	1568	-0.975864	0.218379
3	1094	1569	-0.955471	0.295084
3	1094	1570	-0.961825	0.273664
3	1094	1571	-0.970830	0.239767
3	1094	1572	-0.981068	0.193664
3	1094	1573	-0.986371	0.164534
4	901	1303	-0.707107	-0.707107
4	900	1304	-0.707107	-0.707107
4	899	1305	-0.707107	-0.707107
4	898	1306	-0.707107	-0.707107
5	898	1306	0.142181	-0.989841
5	897	1305	0.002597	-0.999997
5	896	1305	0.005141	-0.999987
5	895	1305	-0.017624	-0.999845
5	894	1305	-0.036336	-0.999340
5	893	1305	-0.050267	-0.998736
5	892	1305	-0.080407	-0.996762
5	891	1305	-0.099843	-0.995003
5	890	1305	-0.109668	-0.993968
5	889	1305	-0.127057	-0.991895
5	888	1305	-0.133530	-0.991045
5	887	1305	-0.179396	-0.983777
5	886	1305	-0.207978	-0.978134
5	885	1306	-0.235432	-0.971891
5	884	1306	-0.275745	-0.961231
5	883	1306	-0.321727	-0.946832
5	882	1307	-0.347536	-0.937667
5	881	1307	-0.384164	-0.923265
5	880	1307	-0.424669	-0.905349
5	879	1308	-0.451358	-0.892343
5	878	1308	-0.490174	-0.871625
5	877	1309	-0.513411	-0.858143
5	876	1309	-0.552833	-0.833292
5	875	1310	-0.573697	-0.819067
5	874	1311	-0.599179	-0.800615
5	873	1312	-0.626567	-0.779367
5	872	1312	-0.662317	-0.749224
5	871	1313	-0.687839	-0.725863
5	870	1314	-0.713242	-0.700918
5	869	1315	-0.733433	-0.679762
5	868	1316	-0.756232	-0.654304
5	867	1317	-0.776565	-0.630037
5	867	1318	-0.807243	-0.590219
5	866	1319	-0.824695	-0.565578
5	865	1320	-0.841791	-0.539804
5	865	1321	-0.870421	-0.492309
5	865	1322	-0.890277	-0.455420
5	864	1323	-0.903277	-0.429058
5	864	1324	-0.919311	-0.393532
5	863	1325	-0.930296	-0.366809
5	863	1326	-0.943144	-0.332386
5	863	1327	-0.952989	-0.303006
5	862	1328	-0.958848	-0.283919
5	862	1329	-0.968479	-0.249096
5	862	1330	-0.975200	-0.221327
5	862	1331	-0.981823	-0.189801
5	861	1332	-0.987420	-0.158117
5	861	1333	-0.993367	-0.114986
5	861	1334	-0.996566	-0.082808
5	861	1335	-0.998852	-0.047899
5	861	1336	-0.999681	-0.025242
5	861	1337	-0.999999	-0.001324
5	861	1338	-0.999718	0.023727
5	861	1339	-0.999368	0.035552
5	861	1340	-0.998163	0.060591
5	862	1341	-0.996513	0.083438
5	862	1342	-0.994464	0.105082
5	862	1343	-0.993783	0.111336
5	862	1344	-0.993357	0.115069
5	862	1345	-0.991630	0.129115
5	862	1346	-0.990237	0.139397
5	862	1347	-0.987281	0.158987
5	862	1348	-0.984795	0.173718
5	862	1349	-0.982976	0.183733
5	863	1350	-0.980334	0.197348
5	863	1351	-0.978216	0.207591
5	863	1352	-0.971301	0.237855
5	863	1353	-0.965031	0.262137
5	863	1354	-0.955902	0.293687
5	864	1355	-0.951493	0.307669
5	864	1356	-0.942472	0.334284
5	865	1357	-0.933438	0.358738
5	865	1358	-0.921292	0.388872
5	865	1359	-0.906185	0.422882
5	866	1360	-0.895089	0.445887
5	866	1361	-0.871660	0.490112
5	867	1362	-0.851384	0.524543
5	867	1363	-0.820276	0.571968
5	868	1364	-0.793209	0.608949
5	868	1365	-0.745034	0.667027
5	869	1366	-0.712153	0.702024
5	870	1367	-0.676186	0.736731
5	871	1368	-0.650380	0.759609
5	872	1369	-0.647677	0.761915
5	873	1370	-0.739216	0.673469
5	874	1370	-0.699119	0.715006
5	875	1370	-0.736682	0.676239
5	876	1370	0.993332	0.115288
5	877	1369	0.668026	0.744138
5	878	1368	0.664193	0.747561
5	878	1367	0.748650	0.662965
5	879	1366	0.783230	0.621732
5	879	1365	0.827027	0.562163
5	880	1364	0.856493	0.516159
5	880	1363	0.886703	0.462339
5	880	1362	0.909442	0.415830
5	881	1361	0.927168	0.374646
5	881	1360	0.939183	0.343416
5	882	1359	0.946481	0.322761
5	882	1358	0.954457	0.298348
5	883	1357	0.957390	0.288797
5	883	1356	0.965624	0.259944
5	883	1355	0.971095	0.238693
5	883	1354	0.977335	0.211700
5	883	1353	0.981241	0.192786
5	883	1352	0.985633	0.168903
5	883	1351	0.990187	0.139747
5	884	1350	0.991084	0.133240
5	884	1349	0.992829	0.119543
5	884	1348	0.993324	0.115362
5	884	1347	0.994210	0.107451
5	884	1346	0.993937	0.109948
5	884	1345	0.992431	0.122801
5	884	1344	0.991263	0.131897
5	884	1343	0.990529	0.137305
5	884	1342	0.988357	0.152153
5	884	1341	0.986759	0.162196
5	885	1340	0.984322	0.176381
5	885	1339	0.979776	0.200096
5	885	1338	0.975755	0.218866
5	885	1337	0.969359	0.245649
5	885	1336	0.963771	0.266729
5	886	1335	0.961530	0.274699
5	886	1334	0.959382	0.282111
5	886	1333	0.955044	0.296465
5	887	1332	0.954088	0.299527
5	887	1331	0.954379	0.298598
5	888	1330	0.952884	0.303333
5	888	1329	0.950822	0.309738
5	888	1328	0.946783	0.321871
5	889	1327	0.944652	0.328075
5	889	1326	0.942546	0.334076
5	889	1325	0.942847	0.333227
5	889	1324	0.937188	0.348826
5	890	1323	0.936631	0.350317
5	890	1322	0.933605	0.358303
5	890	1321	0.924186	0.381942
5	891	1320	0.922366	0.386318
5	891	1319	0.911697	0.410862
5	892	1318	0.908146	0.418653
5	892	1317	0.905707	0.423905
5	893	1316	0.900300	0.435269
5	893	1315	0.897333	0.441354
5	894	1314	0.891747	0.452535
5	894	1313	0.898823	0.438312
5	895	1312	0.884785	0.466000
5	896	1311	0.864056	0.503396
5	896	1310	0.884750	0.466066
5	897	1309	0.859291	0.511487
5	897	1308	0.886520	0.462691
5	897	1307	0.909877	0.414879
5	898	1306	0.889770	0.456409
6	1068	1346	0.830209	-0.557453
6	1068	1345	0.796503	-0.604634
6	1067	1344	0.814697	-0.579887
6	1066	1343	0.837125	-0.547011
6	1065	1342	0.851476	-0.524393
6	1065	1341	0.824501	-0.565861
6	1064	1340	0.839641	-0.543142
6	1063	1339	0.844802	-0.535080
6	1063	1338	0.838890	-0.544301
6	1062	1337	0.843056	-0.537826
6	1061	1336	0.844213	-0.536008
6	1061	1335	0.847998	-0.529999
6	1060	1334	0.855781	-0.517339
6	1060	1333	0.865457	-0.500984
6	1059	1332	0.874642	-0.484769
6	1058	1331	0.877243	-0.480046
6	1058	1330	0.889470	-0.456993
6	1057	1329	0.897080	-0.441868
6	1057	1328	0.907751	-0.419509
6	1056	1327	0.914272	-0.405101
6	1056	1326	0.924031	-0.382317
6	1055	1325	0.927898	-0.372835
6	1055	1324	0.939761	-0.341831
6	1055	1323	0.948646	-0.316340
6	1055	1322	0.959004	-0.283393
6	1054	1321	0.966026	-0.258446
6	1054	1320	0.972217	-0.234081
6	1054	1319	0.979028	-0.203727
6	1054	1318	0.983435	-0.181263
6	1053	1317	0.987673	-0.156531
6	1053	1316	0.990653	-0.136403
6	1053	1315	0.993654	-0.112479
6	1053	1314	0.996238	-0.086659
6	1053	1313	0.998246	-0.059210
6	1053	1312	0.999542	-0.030261
6	1053	1311	1.000000	0.000000
6	1053	1310	0.999855	0.017053
6	1053	1309	0.999420	0.034061
6	1053	1308	0.998700	0.050981
6	1053	1307	0.997701	0.067770
6	1053	1306	0.996504	0.083546
6	1053	1305	0.995308	0.096760
6	1054	1304	0.994316	0.106472
6	1054	1303	0.993484	0.113971
6	1054	1302	0.992902	0.118938
6	1054	1301	0.990957	0.134178
6	1054	1300	0.989338	0.145636
6	1054	1299	0.988161	0.153418
6	1054	1298	0.987504	0.157594
6	1054	1297	0.985247	0.171138
6	1055	1296	0.984190	0.177115
6	1055	1295	0.983769	0.179441
6	1055	1294	0.984190	0.177115
6	1055	1293	0.983004	0.183582
6	1055	1292	0.979958	0.199203
6	1056	1291	0.978137	0.207963
6	1056	1290	0.977182	0.212403
6	1056	1289	0.974443	0.224636
6	1056	1288	0.972866	0.231368
6	1057	1287	0.972866	0.231368
6	1057	1286	0.971581	0.236706
6	1057	1285	0.968606	0.248600
6	1057	1284	0.966887	0.255203
6	1057	1283	0.963153	0.268953
6	1058	1282	0.962630	0.270821
6	1058	1281	0.963187	0.268833
6	1058	1280	0.958437	0.285304
6	1059	1279	0.956515	0.291683
6	1059	1278	0.952610	0.304195
6	1059	1277	0.950686	0.310155
6	1060	1276	0.944407	0.328778
6	1060	1275	0.940246	0.340495
6	1060	1274	0.933909	0.357510
6	1061	1273	0.932227	0.361875
6	1061	1272	0.928534	0.371246
6	1061	1271	0.918356	0.395756
6	1062	1270	0.910591	0.413309
6	1062	1269	0.903881	0.427784
6	1063	1268	0.895550	0.444961
6	1063	1267	0.883087	0.469209
6	1064	1266	0.874488	0.485047
6	1064	1265	0.856784	0.515676
6	1065	1264	0.845082	0.534636
6	1065	1263	0.826917	0.562323
6	1066	1262	0.814237	0.580533
6	1067	1261	0.802148	0.597126
6	1068	1260	0.787956	0.615732
6	1068	1259	0.765291	0.643684
6	1069	1258	0.752860	0.658181
6	1070	1257	0.734663	0.678433
6	1071	1256	0.719437	0.694558
6	1072	1255	0.699132	0.714993
6	1073	1254	0.678711	0.734405
6	1074	1253	0.658560	0.752528
6	1075	1252	0.639568	0.768734
6	1076	1251	0.622448	0.782661
6	1077	1251	0.587000	0.809587
6	1078	1250	0.560629	0.828067
6	1079	1249	0.543485	0.839419
6	1080	1249	0.507622	0.861580
6	1081	1248	0.483811	0.875173
6	1082	1248	0.452644	0.891691
6	1083	1248	0.425025	0.905182
6	1084	1247	0.400988	0.916083
6	1085	1247	0.373117	0.927784
6	1086	1246	0.362392	0.932026
6	1087	1246	0.347881	0.937539
6	1088	1246	0.326371	0.945242
6	1089	1245	0.310820	0.950469
6	1090	1245	0.295792	0.955253
6	1091	1245	0.285970	0.958239
6	1092	1244	0.284312	0.958732
6	1093	1244	0.270738	0.962653
6	1094	1244	0.250956	0.967998
6	1095	1244	0.238041	0.971255
6	1096	1243	0.220753	0.975330
6	1097	1243	0.207591	0.978216
6	1098	1243	0.201871	0.979412
6	1099	1243	0.190480	0.981691
6	1100	1243	0.187042	0.982352
6	1101	1242	0.179596	0.983741
6	1102	1242	0.164941	0.986303
6	1103	1242	0.159587	0.987184
6	1104	1242	0.150639	0.988589
6	1105	1242	0.138006	0.990431
6	1106	1242	0.121565	0.992583
6	1107	1242	0.115362	0.993324
6	1108	1241	0.107293	0.994227
6	1109	1241	0.095365	0.995442
6	1110	1241	0.080883	0.996724
6	1111	1241	0.063827	0.997961
6	1112	1241	0.058597	0.998282
6	1113	1241	0.039177	0.999232
6	1114	1241	0.019622	0.999807
6	1115	1241	0.000000	1.000000
6	1116	1241	-0.019622	0.999807
6	1117	1241	-0.039177	0.999232
6	1118	1241	-0.058597	0.998282
6	1119	1241	-0.063827	0.997961
6	1120	1241	-0.067770	0.997701
6	1121	1241	-0.083546	0.996504
6	1122	1241	-0.096760	0.995308
6	1123	1242	-0.106472	0.994316
6	1124	1242	-0.113971	0.993484
6	1125	1242	-0.118938	0.992902
6	1126	1242	-0.121412	0.992602
6	1127	1242	-0.134178	0.990957
6	1128	1242	-0.143216	0.989691
6	1129	1242	-0.148603	0.988897
6	1130	1242	-0.150373	0.988629
6	1131	1243	-0.147210	0.989105
6	1132	1243	-0.140612	0.990065
6	1133	1243	-0.143037	0.989717
6	1134	1243	-0.154425	0.988005
6	1135	1243	-0.162164	0.986764
6	1136	1243	-0.166331	0.986070
6	1137	1244	-0.178716	0.983901
6	1138	1244	-0.185665	0.982613
6	1139	1244	-0.187962	0.982176
6	1140	1244	-0.185665	0.982613
6	1141	1244	-0.191406	0.981511
6	1142	1244	-0.204712	0.978822
6	1143	1245	-0.210188	0.977661
6	1144	1245	-0.212403	0.977182
6	1145	1245	-0.222464	0.974941
6	1146	1245	-0.227049	0.973883
6	1147	1246	-0.223815	0.974632
6	1148	1246	-0.240154	0.970735
6	1149	1246	-0.250956	0.967998
6	1150	1246	-0.256522	0.966539
6	1151	1247	-0.266533	0.963826
6	1152	1247	-0.269526	0.962993
6	1153	1247	-0.266533	0.963826
6	1154	1247	-0.282078	0.959392
6	1155	1248	-0.286928	0.957952
6	1156	1248	-0.298598	0.954379
6	1157	1248	-0.303661	0.952780
6	1158	1249	-0.309738	0.950822
6	1159	1249	-0.321871	0.946783
6	1160	1249	-0.327733	0.944770
6	1161	1250	-0.334076	0.942546
6	1162	1250	-0.344844	0.938660
6	1163	1250	-0.360955	0.932583
6	1164	1251	-0.363784	0.931483
6	1165	1251	-0.372364	0.928087
6	1166	1252	-0.380863	0.924632
6	1167	1252	-0.392031	0.919952
6	1168	1252	-0.396742	0.917930
6	1169	1253	-0.407723	0.913106
6	1170	1253	-0.414330	0.910127
6	1171	1254	-0.418544	0.908196
6	1172	1254	-0.426260	0.904601
6	1173	1255	-0.432965	0.901411
6	1174	1255	-0.441752	0.897137
6	1175	1256	-0.448144	0.893961
6	1176	1256	-0.456620	0.889662
6	1177	1257	-0.471858	0.881675
6	1178	1257	-0.488828	0.872380
6	1179	1258	-0.491444	0.870909
6	1180	1258	-0.506269	0.862376
6	1181	1259	-0.513987	0.857798
6	1182	1259	-0.535394	0.844602
6	1183	1260	-0.545580	0.838058
6	1184	1261	-0.562003	0.827135
6	1185	1261	-0.574194	0.818720
6	1186	1262	-0.582599	0.812760
6	1187	1263	-0.590044	0.807371
6	1188	1264	-0.602150	0.798383
6	1189	1264	-0.614630	0.788815
6	1190	1265	-0.624513	0.781015
6	1191	1266	-0.631609	0.775287
6	1192	1267	-0.641168	0.767400
6	1193	1268	-0.647039	0.762457
6	1194	1269	-0.654645	0.755936
6	1195	1269	-0.665660	0.746255
6	1196	1270	-0.669353	0.742945
6	1197	1271	-0.674100	0.738640
6	1198	1272	-0.679805	0.733393
6	1199	1273	-0.690866	0.722983
6	1200	1274	-0.697346	0.716734
6	1201	1275	-0.703858	0.710341
6	1202	1276	-0.710341	0.703858
6	1203	1277	-0.716734	0.697346
6	1204	1278	-0.722983	0.690866
6	1205	1279	-0.729034	0.684477
6	1206	1280	-0.730309	0.683117
6	1207	1281	-0.735485	0.677541
6	1208	1282	-0.739731	0.672903
6	1208	1283	-0.744676	0.667427
6	1209	1284	-0.747883	0.663831
6	1210	1285	-0.750038	0.661394
6	1211	1286	-0.755867	0.654725
6	1212	1287	-0.760137	0.649763
6	1213	1288	-0.762778	0.646660
6	1214	1289	-0.763747	0.645516
6	1215	1290	-0.767509	0.641039
6	1215	1291	-0.772183	0.635401
6	1216	1292	-0.773342	0.633989
6	1217	1293	-0.772183	0.635401
6	1218	1294	-0.779020	0.626999
6	1219	1295	-0.783627	0.621231
6	1219	1296	-0.788568	0.614948
6	1220	1297	-0.795276	0.606248
6	1221	1298	-0.799001	0.601329
6	1222	1299	-0.799659	0.600454
6	1222	1300	-0.804408	0.594077
6	1223	1301	-0.805661	0.592377
6	1224	1302	-0.808872	0.587985
6	1225	1303	-0.813638	0.581372
6	1225	1304	-0.818191	0.574946
6	1226	1305	-0.822983	0.568066
6	1227	1306	-0.823283	0.567631
6	1227	1307	-0.828067	0.560629
6	1228	1308	-0.833629	0.552324
6	1229	1309	-0.834644	0.550790
6	1229	1310	-0.839024	0.544094
6	1230	1311	-0.844042	0.536277
6	1231	1312	-0.849093	0.528243
6	1231	1313	-0.853091	0.521762
6	1232	1314	-0.855781	0.517339
6	1232	1315	-0.860704	0.509106
6	1233	1316	-0.861371	0.507976
6	1234	1317	-0.861440	0.507860
6	1234	1318	-0.865425	0.501038
6	1235	1319	-0.868198	0.496218
6	1235	1320	-0.867704	0.497081
6	1236	1321	-0.872494	0.488624
6	1236	1322	-0.872748	0.488172
6	1237	1323	-0.874080	0.485782
6	1237	1324	-0.874848	0.484398
6	1238	1325	-0.877510	0.479558
6	1239	1326	-0.879017	0.476790
6	1239	1327	-0.882800	0.469749
6	1240	1328	-0.884605	0.466342
6	1240	1329	-0.888374	0.459121
6	1241	1330	-0.890214	0.455543
6	1241	1331	-0.893961	0.448144
6	1242	1332	-0.895832	0.444393
6	1242	1333	-0.904022	0.427485
6	1243	1334	-0.905298	0.424778
6	1243	1335	-0.913106	0.407723
6	1244	1336	-0.917930	0.396742
6	1244	1337	-0.919952	0.392031
6	1244	1338	-0.924632	0.380863
6	1245	1339	-0.928087	0.372364
6	1245	1340	-0.935460	0.353433
6	1246	1341	-0.936007	0.351980
6	1246	1342	-0.941700	0.336455
6	1246	1343	-0.945242	0.326371
6	1247	1344	-0.946922	0.321463
6	1247	1345	-0.948609	0.316450
6	1247	1346	-0.952316	0.305112
6	1248	1347	-0.953767	0.300546
6	1248	1348	-0.958431	0.285324
6	1248	1349	-0.964543	0.263927
6	1248	1350	-0.968460	0.249171
6	1249	1351	-0.970651	0.240491
6	1249	1352	-0.971773	0.235918
6	1249	1353	-0.974131	0.225983
6	1250	1354	-0.977002	0.213231
6	1250	1355	-0.979109	0.203334
6	1250	1356	-0.982001	0.188877
6	1250	1357	-0.985502	0.169665
6	1250	1358	-0.987184	0.159587
6	1250	1359	-0.989311	0.145818
6	1250	1360	-0.991747	0.128210
6	1251	1361	-0.994227	0.107293
6	1251	1362	-0.995442	0.095365
6	1251	1363	-0.995598	0.093730
6	1251	1364	-0.996093	0.088307
6	1251	1365	-0.995631	0.093371
6	1251	1366	-0.995392	0.095894
6	1251	1367	-0.995392	0.095894
6	1251	1368	-0.995631	0.093371
6	1251	1369	-0.996093	0.088307
6	1251	1370	-0.997701	0.067770
6	1251	1371	-0.998954	0.045728
6	1251	1372	-0.999329	0.036623
6	1252	1373	-0.999615	0.027746
6	1252	1374	-0.999829	0.018509
6	1252	1375	-0.999957	0.009258
6	1252	1376	-1.000000	-0.000000
6	1252	1377	-0.999957	-0.009258
6	1252	1378	-0.999493	-0.031824
6	1252	1379	-0.998589	-0.053107
6	1251	1380	-0.997419	-0.071807
6	1251	1381	-0.995959	-0.089806
6	1251	1382	-0.992865	-0.119240
6	1251	1383	-0.989338	-0.145636
6	1251	1384	-0.987787	-0.155813
6	1251	1385	-0.984531	-0.175210
6	1251	1386	-0.981823	-0.189801
6	1251	1387	-0.979845	-0.199758
6	1250	1388	-0.977072	-0.212909
6	1250	1389	-0.971832	-0.235676
6	1250	1390	-0.967787	-0.251772
6	1250	1391	-0.958071	-0.286529
6	1249	1392	-0.952190	-0.305506
6	1249	1393	-0.942292	-0.334792
6	1249	1394	-0.929388	-0.369104
6	1248	1395	-0.923123	-0.384506
6	1248	1396	-0.912165	-0.409823
6	1248	1397	-0.898189	-0.439609
6	1247	1398	-0.890449	-0.455084
6	1246	1399	-0.876345	-0.481683
6	1246	1400	-0.858143	-0.513411
6	1245	1401	-0.845082	-0.534636
6	1245	1402	-0.826539	-0.562880
6	1244	1403	-0.812613	-0.582803
6	1243	1404	-0.799355	-0.600859
6	1243	1405	-0.780458	-0.625209
6	1242	1406	-0.764884	-0.644168
6	1241	1407	-0.751222	-0.660050
6	1240	1408	-0.740363	-0.672207
6	1239	1409	-0.724174	-0.689618
6	1238	1410	-0.707107	-0.707107
6	1237	1411	-0.689618	-0.724174
6	1236	1412	-0.672207	-0.740363
6	1235	1413	-0.655414	-0.755270
6	1234	1414	-0.639858	-0.768493
6	1233	1415	-0.621242	-0.783619
6	1232	1415	-0.596605	-0.802535
6	1231	1416	-0.579047	-0.815294
6	1230	1417	-0.565652	-0.824644
6	1229	1417	-0.537746	-0.843107
6	1228	1418	-0.523908	-0.851775
6	1227	1418	-0.500562	-0.865701
6	1226	1419	-0.480836	-0.876810
6	1225	1419	-0.463963	-0.885854
6	1224	1420	-0.449638	-0.893211
6	1223	1420	-0.441580	-0.897222
6	1222	1421	-0.436389	-0.899758
6	1221	1421	-0.418544	-0.908196
6	1220	1422	-0.414330	-0.910127
6	1219	1422	-0.407723	-0.913106
6	1218	1423	-0.396742	-0.917930
6	1217	1423	-0.382319	-0.924030
6	1216	1423	-0.361451	-0.932391
6	1215	1424	-0.355558	-0.934654
6	1214	1424	-0.337641	-0.941275
6	1213	1425	-0.328744	-0.944419
6	1212	1425	-0.304585	-0.952485
6	1211	1425	-0.286600	-0.958050
6	1210	1426	-0.266729	-0.963771
6	1209	1426	-0.256963	-0.966421
6	1208	1426	-0.240990	-0.970528
6	1207	1426	-0.232169	-0.972675
6	1206	1426	-0.217830	-0.975987
6	1205	1427	-0.198305	-0.980140
6	1204	1427	-0.183806	-0.982963
6	1203	1427	-0.164534	-0.986371
6	1202	1427	-0.154425	-0.988005
6	1201	1427	-0.140612	-0.990065
6	1200	1427	-0.122956	-0.992412
6	1199	1428	-0.116546	-0.993185
6	1198	1428	-0.105893	-0.994378
6	1197	1428	-0.092700	-0.995694
6	1196	1428	-0.076941	-0.997036
6	1195	1428	-0.058597	-0.998282
6	1194	1428	-0.052075	-0.998643
6	1193	1428	-0.044256	-0.999020
6	1192	1428	-0.035137	-0.999383
6	1191	1428	-0.024717	-0.999694
6	1190	1428	-0.013001	-0.999915
6	1189	1428	-0.000000	-1.000000
6	1188	1428	-0.000000	-1.000000
6	1187	1428	-0.000000	-1.000000
6	1186	1428	-0.000000	-1.000000
6	1185	1428	-0.000000	-1.000000
6	1184	1428	-0.000000	-1.000000
6	1183	1428	-0.000000	-1.000000
6	1182	1428	-0.000000	-1.000000
6	1181	1428	-0.000000	-1.000000
6	1180	1428	-0.000000	-1.000000
6	1179	1428	-0.000000	-1.000000
6	1178	1428	-0.000000	-1.000000
6	1177	1428	-0.000000	-1.000000
6	1176	1428	-0.000000	-1.000000
6	1175	1428	-0.000000	-1.000000
6	1174	1428	-0.000000	-1.000000
6	1173	1428	-0.000000	-1.000000
6	1172	1428	-0.000000	-1.000000
6	1171	1428	-0.000000	-1.000000
6	1170	1428	-0.000000	-1.000000
6	1169	1428	-0.000000	-1.000000
6	1168	1428	-0.000000	-1.000000
6	1167	1428	-0.000000	-1.000000
6	1166	1428	-0.000000	-1.000000
6	1165	1428	-0.000000	-1.000000
6	1164	1428	-0.000000	-1.000000
6	1163	1428	-0.000000	-1.000000
6	1162	1428	-0.000000	-1.000000
6	1161	1428	-0.000000	-1.000000
6	1160	1428	-0.000000	-1.000000
6	1159	1428	-0.000000	-1.000000
6	1158	1428	-0.000000	-1.000000
6	1157	1428	-0.000000	-1.000000
6	1156	1428	-0.000000	-1.000000
6	1155	1428	-0.000000	-1.000000
6	1154	1428	-0.000000	-1.000000
6	1153	1428	-0.000000	-1.000000
6	1152	1428	-0.000000	-1.000000
6	1151	1428	-0.000000	-1.000000
6	1150	1428	-0.013001	-0.999915
6	1149	1428	-0.024717	-0.999694
6	1148	1428	-0.048260	-0.998835
6	1147	1428	-0.069234	-0.997600
6	1146	1428	-0.100956	-0.994891
6	1145	1428	-0.142429	-0.989805
6	1144	1428	-0.192673	-0.981263
6	1143	1428	-0.250597	-0.968091
6	1142	1428	-0.314973	-0.949101
6	1141	1428	-0.387181	-0.922004
6	1140	1429	-0.435766	-0.900060
6	1139	1429	-0.514678	-0.857383
6	1138	1430	-0.567080	-0.823662
6	1137	1430	-0.651313	-0.758809
6	1136	1431	-0.699728	-0.714410
6	1135	1432	-0.748992	-0.662579
6	1134	1433	-0.792886	-0.609370
6	1133	1434	-0.831063	-0.556179
6	1133	1435	-0.906631	-0.421925
6	1133	1436	-0.960429	-0.278525
6	1133	1437	-0.992336	-0.123567
6	1133	1438	-0.999630	0.027193
6	1133	1439	-0.984531	0.175210
6	1133	1440	-0.953972	0.299894
6	1133	1441	-0.906554	0.422091
6	1134	1442	-0.877237	0.480057
6	1134	1443	-0.827147	0.561985
6	1135	1444	-0.803742	0.594978
6	1136	1445	-0.782328	0.622867
6	1137	1446	-0.757260	0.653113
6	1138	1447	-0.733492	0.679698
6	1139	1448	-0.712156	0.702021
6	1140	1449	-0.694124	0.719855
6	1141	1449	-0.677109	0.735882
6	1142	1450	-0.671290	0.741195
6	1143	1451	-0.670035	0.742330
6	1144	1452	-0.669012	0.743251
6	1145	1453	-0.673637	0.739062
6	1146	1454	-0.683510	0.729941
6	1147	1454	-0.695558	0.718470
6	1148	1455	-0.704796	0.709410
6	1149	1456	-0.713993	0.700153
6	1150	1457	-0.727456	0.686154
6	1151	1458	-0.740025	0.672579
6	1151	1459	-0.752366	0.658745
6	1152	1460	-0.759597	0.650394
6	1153	1461	-0.765370	0.643590
6	1154	1462	-0.769637	0.638482
6	1154	1463	-0.773044	0.634353
6	1155	1464	-0.775872	0.630891
6	1156	1465	-0.773100	0.634284
6	1157	1466	-0.768633	0.639690
6	1157	1467	-0.758890	0.651218
6	1158	1468	-0.752724	0.658336
6	1159	1469	-0.745128	0.666921
6	1160	1470	-0.740782	0.671746
6	1161	1471	-0.735485	0.677541
6	1162	1472	-0.729301	0.684193
6	1163	1473	-0.722301	0.691579
6	1164	1474	-0.719131	0.694874
6	1165	1475	-0.715528	0.698584
6	1166	1476	-0.711512	0.702674
6	1167	1477	-0.707107	0.707107
6	1168	1478	-0.707107	0.707107
6	1169	1479	-0.707107	0.707107
6	1170	1480	-0.707107	0.707107
6	1171	1481	-0.707107	0.707107
6	1172	1482	-0.707107	0.707107
6	1173	1483	-0.707107	0.707107
6	1174	1484	-0.707107	0.707107
6	1175	1485	-0.707107	0.707107
6	1176	1486	-0.707107	0.707107
6	1177	1487	-0.707107	0.707107
6	1178	1488	-0.707107	0.707107
6	1179	1489	-0.711512	0.702674
6	1180	1490	-0.711638	0.702546
6	1181	1491	-0.711656	0.702528
6	1182	1492	-0.711529	0.702657
6	1183	1493	-0.711232	0.702958
6	1184	1494	-0.710755	0.703440
6	1185	1495	-0.710111	0.704090
6	1186	1496	-0.709335	0.704871
6	1187	1497	-0.708472	0.705739
6	1188	1498	-0.707566	0.706647
6	1188	1499	-0.758223	0.651995
7	1068	1346	-0.707107	0.707107
7	1069	1347	-0.707107	0.707107
7	1070	1348	-0.707107	0.707107
8	1070	1348	0.560078	0.828440
8	1071	1347	0.522854	0.852422
8	1072	1346	0.475507	0.879712
8	1073	1345	0.422466	0.906379
8	1074	1345	0.463467	0.886114
8	1075	1344	0.423060	0.906102
8	1076	1344	0.453503	0.891255
8	1077	1343	0.429978	0.902839
8	1078	1343	0.435039	0.900412
8	1079	1342	0.430150	0.902758
8	1080	1342	0.427246	0.904135
8	1081	1341	0.407659	0.913134
8	1082	1341	0.392031	0.919952
8	1083	1341	0.380863	0.924632
8	1084	1340	0.372364	0.928087
8	1085	1340	0.363784	0.931483
8	1086	1339	0.360955	0.932583
8	1087	1339	0.344844	0.938660
8	1088	1339	0.334076	0.942546
8	1089	1338	0.317235	0.948347
8	1090	1338	0.312205	0.950015
8	1091	1338	0.300778	0.953694
8	1092	1337	0.296141	0.955144
8	1093	1337	0.280828	0.959758
8	1094	1337	0.259290	0.965799
8	1095	1336	0.247568	0.968871
8	1096	1336	0.224047	0.974578
8	1097	1336	0.208711	0.977977
8	1098	1336	0.188648	0.982045
8	1099	1336	0.163552	0.986535
8	1100	1335	0.149830	0.988712
8	1101	1335	0.128438	0.991717
8	1102	1335	0.103229	0.994658
8	1103	1335	0.076052	0.997104
8	1104	1335	0.047272	0.998882
8	1105	1335	0.017053	0.999855
8	1106	1335	0.000000	1.000000
8	1107	1335	-0.030261	0.999542
8	1108	1335	-0.059210	0.998246
8	1109	1335	-0.100072	0.994980
8	1110	1335	-0.137817	0.990458
8	1111	1335	-0.159169	0.987251
8	1112	1335	-0.190290	0.981728
8	1113	1336	-0.208961	0.977924
8	1114	1336	-0.240269	0.970706
8	1115	1336	-0.278368	0.960474
8	1116	1336	-0.322426	0.946595
8	1117	1337	-0.357262	0.934004
8	1118	1337	-0.403169	0.915125
8	1119	1338	-0.438381	0.898789
8	1120	1338	-0.480931	0.876758
8	1121	1338	-0.529237	0.848474
8	1122	1339	-0.555903	0.831247
8	1123	1339	-0.604060	0.796939
8	1124	1340	-0.631564	0.775324
8	1125	1341	-0.661002	0.750384
8	1126	1342	-0.690961	0.722892
8	1127	1343	-0.720174	0.693793
8	1128	1344	-0.751558	0.659666
8	1129	1345	-0.779832	0.625989
8	1130	1346	-0.807219	0.590253
8	1130	1347	-0.852688	0.522421
8	1131	1348	-0.877475	0.479623
8	1131	1349	-0.917946	0.396705
8	1132	1350	-0.943407	0.331638
8	1132	1351	-0.976742	0.214419
8	1132	1352	-0.995582	0.093896
8	1132	1353	-0.999548	-0.030048
8	1132	1354	-0.986279	-0.165090
8	1132	1355	-0.954550	-0.298050
8	1132	1356	-0.902286	-0.431138
8	1131	1357	-0.864063	-0.503384
8	1131	1358	-0.782856	-0.622203
8	1130	1359	-0.738985	-0.673722
8	1129	1360	-0.691036	-0.722820
8	1128	1361	-0.645315	-0.763916
8	1127	1361	-0.566312	-0.824191
8	1126	1361	-0.501854	-0.864952
8	1125	1362	-0.457650	-0.889132
8	1124	1362	-0.408949	-0.912557
8	1123	1362	-0.367305	-0.930101
8	1122	1362	-0.331537	-0.943442
8	1121	1363	-0.299938	-0.953959
8	1120	1363	-0.281488	-0.959565
8	1119	1363	-0.268531	-0.963271
8	1118	1363	-0.261488	-0.965207
8	1117	1364	-0.258273	-0.966072
8	1116	1364	-0.249636	-0.968340
8	1115	1364	-0.235644	-0.971840
8	1114	1365	-0.242112	-0.970248
8	1113	1365	-0.239654	-0.970858
8	1112	1365	-0.231898	-0.972740
8	1111	1365	-0.206847	-0.978373
8	1110	1366	-0.192836	-0.981231
8	1109	1366	-0.170800	-0.985306
8	1108	1366	-0.144846	-0.989454
8	1107	1366	-0.114846	-0.993383
8	1106	1366	-0.095365	-0.995442
8	1105	1366	-0.060354	-0.998177
8	1104	1367	-0.024501	-0.999700
8	1103	1367	-0.000000	-1.000000
8	1102	1367	0.038324	-0.999265
8	1101	1366	0.072276	-0.997385
8	1100	1366	0.105893	-0.994378
8	1099	1366	0.137292	-0.990531
8	1098	1366	0.178054	-0.984021
8	1097	1366	0.213302	-0.976986
8	1096	1366	0.256668	-0.966500
8	1095	1365	0.282706	-0.959207
8	1094	1365	0.321391	-0.946947
8	1093	1365	0.354925	-0.934895
8	1092	1364	0.368148	-0.929767
8	1091	1364	0.392956	-0.919557
8	1090	1364	0.431558	-0.902085
8	1089	1363	0.444559	-0.895749
8	1088	1362	0.463301	-0.886201
8	1087	1362	0.487372	-0.873194
8	1086	1361	0.504433	-0.863451
8	1085	1361	0.526823	-0.849975
8	1084	1360	0.545893	-0.837855
8	1083	1359	0.564185	-0.825649
8	1082	1359	0.584822	-0.811162
8	1081	1358	0.601046	-0.799215
8	1080	1357	0.614790	-0.788691
8	1079	1357	0.618125	-0.786080
8	1078	1356	0.616845	-0.787084
8	1077	1355	0.623483	-0.781837
8	1076	1354	0.629718	-0.776824
8	1075	1353	0.643180	-0.765715
8	1074	1352	0.652452	-0.757830
8	1073	1351	0.665827	-0.746106
8	1072	1350	0.681881	-0.731463
8	1071	1349	0.689570	-0.724219
8	1070	1348	0.698096	-0.716005
9	1188	1499	-0.576048	0.817416
9	1189	1500	-0.525731	0.850651
9	1190	1500	-0.602196	0.798349
9	1191	1501	-0.560629	0.828067
9	1192	1502	-0.611383	0.791335
10	1188	1499	-0.267738	-0.963492
10	1187	1499	-0.298023	-0.954559
10	1186	1500	-0.194992	-0.980805
10	1185	1501	-0.096806	-0.995303
10	1184	1501	-0.121602	-0.992579
10	1183	1501	-0.139008	-0.990291
10	1182	1501	-0.148847	-0.988860
10	1181	1501	-0.170055	-0.985435
10	1180	1501	-0.179757	-0.983711
10	1179	1501	-0.180350	-0.983602
10	1178	1501	-0.174252	-0.984701
10	1177	1502	-0.172649	-0.984983
10	1176	1502	-0.164534	-0.986371
10	1175	1502	-0.177332	-0.984151
10	1174	1502	-0.197586	-0.980285
10	1173	1502	-0.225941	-0.974141
10	1172	1502	-0.248437	-0.968648
10	1171	1503	-0.270738	-0.962653
10	1170	1503	-0.290103	-0.956995
10	1169	1503	-0.315662	-0.948872
10	1168	1503	-0.347067	-0.937840
10	1167	1504	-0.368054	-0.929805
10	1166	1504	-0.411685	-0.911326
10	1165	1505	-0.446629	-0.894719
10	1164	1505	-0.494264	-0.869312
10	1163	1506	-0.529450	-0.848341
10	1162	1506	-0.577218	-0.816590
10	1161	1507	-0.611705	-0.791086
10	1160	1507	-0.669586	-0.742734
10	1159	1508	-0.706235	-0.707977
10	1158	1509	-0.741538	-0.670911
10	1157	1510	-0.773678	-0.633579
10	1156	1511	-0.807478	-0.589898
10	1156	1512	-0.866042	-0.499971
10	1156	1513	-0.911242	-0.411871
10	1155	1514	-0.939348	-0.342966
10	1155	1515	-0.969469	-0.245213
10	1155	1516	-0.989753	-0.142791
10	1155	1517	-0.998549	-0.053858
10	1155	1518	-0.999187	0.040306
10	1155	1519	-0.991201	0.132365
10	1155	1520	-0.975530	0.219866
10	1156	1521	-0.963251	0.268602
10	1156	1522	-0.946083	0.323924
10	1156	1523	-0.923718	0.383073
10	1157	1524	-0.905948	0.423388
10	1157	1525	-0.882093	0.471076
10	1158	1526	-0.865845	0.500312
10	1158	1527	-0.839823	0.542860
10	1159	1528	-0.824830	0.565382
10	1160	1529	-0.809716	0.586821
10	1161	1530	-0.795348	0.606153
10	1161	1531	-0.776390	0.630253
10	1162	1532	-0.759840	0.650111
10	1163	1533	-0.745241	0.666795
10	1164	1534	-0.733445	0.679748
10	1165	1535	-0.716389	0.697701
10	1166	1536	-0.698915	0.715205
10	1167	1537	-0.681210	0.732088
10	1168	1538	-0.664097	0.747647
10	1169	1539	-0.647906	0.761720
10	1170	1540	-0.628450	0.777850
10	1171	1541	-0.611170	0.791499
10	1172	1541	-0.579960	0.814645
10	1173	1542	-0.558711	0.829362
10	1174	1543	-0.536454	0.843929
10	1175	1543	-0.500427	0.865779
10	1176	1543	-0.467328	0.884084
10	1177	1544	-0.439351	0.898315
10	1178	1544	-0.403404	0.915022
10	1179	1545	-0.383789	0.923421
10	1180	1545	-0.357947	0.933742
10	1181	1546	-0.342759	0.939424
10	1182	1546	-0.321597	0.946877
10	1183	1546	-0.304522	0.952505
10	1184	1546	-0.292946	0.956129
10	1185	1547	-0.288184	0.957575
10	1186	1547	-0.284046	0.958811
10	1187	1547	-0.273103	0.961985
10	1188	1547	-0.268136	0.963381
10	1189	1548	-0.254912	0.966964
10	1190	1548	-0.258996	0.965878
10	1191	1548	-0.256960	0.966422
10	1192	1548	-0.261488	0.965207
10	1193	1549	-0.258273	0.966072
10	1194	1549	-0.249636	0.968340
10	1195	1549	-0.247561	0.968872
10	1196	1550	-0.252399	0.967623
10	1197	1550	-0.248885	0.968533
10	1198	1550	-0.240154	0.970735
10	1199	1550	-0.225983	0.974131
10	1200	1551	-0.232455	0.972607
10	1201	1551	-0.230022	0.973185
10	1202	1551	-0.222202	0.975001
10	1203	1551	-0.221113	0.975248
10	1204	1551	-0.226781	0.973946
10	1205	1552	-0.225165	0.974321
10	1206	1552	-0.229484	0.973312
10	1207	1552	-0.240432	0.970666
10	1208	1552	-0.246042	0.969259
10	1209	1552	-0.258882	0.965909
10	1210	1553	-0.259290	0.965799
10	1211	1553	-0.280828	0.959758
10	1212	1553	-0.296141	0.955144
10	1213	1554	-0.300778	0.953694
10	1214	1554	-0.312205	0.950015
10	1215	1554	-0.317235	0.948347
10	1216	1555	-0.312537	0.949906
10	1217	1555	-0.293281	0.956026
10	1218	1555	-0.258744	0.965946
10	1219	1556	-0.218083	0.975930
10	1220	1556	-0.159954	0.987124
10	1221	1557	-0.124335	0.992240
10	1222	1557	-0.057165	0.998365
10	1223	1557	0.031367	0.999508
10	1224	1558	0.026817	0.999640
10	1225	1558	-0.076251	0.997089
10	1226	1557	0.584710	0.811242
10	1227	1556	0.755454	0.655202
10	1228	1555	0.850651	0.525731
10	1228	1554	0.952722	0.303842
10	1228	1553	0.983789	0.179332
10	1228	1552	0.995291	0.096930
10	1228	1551	0.999998	0.001965
10	1228	1550	0.997459	-0.071247
10	1227	1549	0.991095	-0.133160
10	1227	1548	0.980010	-0.198947
10	1227	1547	0.963831	-0.266515
10	1227	1546	0.944633	-0.328128
10	1226	1545	0.934415	-0.356185
10	1226	1544	0.921100	-0.389325
10	1225	1543	0.910083	-0.414426
10	1225	1542	0.893857	-0.448351
10	1224	1541	0.881007	-0.473103
10	1224	1540	0.863237	-0.504799
10	1223	1539	0.851325	-0.524639
10	1223	1538	0.828691	-0.559707
10	1222	1537	0.821093	-0.570794
10	1221	1536	0.813161	-0.582039
10	1221	1535	0.799795	-0.600273
10	1220	1534	0.791899	-0.610652
10	1219	1533	0.785177	-0.619271
10	1218	1532	0.775730	-0.631065
10	1217	1531	0.768391	-0.639981
10	1216	1530	0.759021	-0.651066
10	1215	1529	0.752577	-0.658505
10	1214	1528	0.744676	-0.667427
10	1214	1527	0.739731	-0.672903
10	1213	1526	0.735485	-0.677541
10	1212	1525	0.730309	-0.683117
10	1211	1524	0.733868	-0.679292
10	1210	1523	0.736438	-0.676506
10	1209	1522	0.737990	-0.674812
10	1208	1521	0.738509	-0.674243
10	1207	1520	0.737990	-0.674812
10	1206	1519	0.736438	-0.676506
10	1205	1518	0.738314	-0.674457
10	1204	1517	0.738640	-0.674100
10	1203	1516	0.742945	-0.669353
10	1202	1515	0.746255	-0.665660
10	1202	1514	0.751184	-0.660093
10	1201	1513	0.753364	-0.657604
10	1200	1512	0.759262	-0.650785
10	1199	1511	0.761084	-0.648654
10	1198	1510	0.760816	-0.648967
10	1197	1509	0.757740	-0.652556
10	1197	1508	0.779127	-0.626866
10	1196	1507	0.778211	-0.628002
10	1195	1506	0.772894	-0.634536
10	1194	1505	0.763331	-0.646008
10	1193	1504	0.750271	-0.661130
10	1192	1503	0.744810	-0.667277
10	1192	1502	0.792091	-0.610404
11	1192	1502	0.029064	0.999578
11	1193	1501	-0.149810	0.988715
11	1194	1501	-0.203144	0.979149
11	1195	1501	-0.243762	0.969835
11	1196	1501	-0.293356	0.956003
11	1197	1501	-0.324536	0.945873
11	1198	1501	-0.358197	0.933646
11	1199	1502	-0.314736	0.949179
11	1200	1502	-0.339868	0.940473
11	1201	1502	-0.361705	0.932292
11	1202	1503	-0.351317	0.936256
11	1203	1503	-0.394044	0.919092
11	1204	1504	-0.409574	0.912277
11	1205	1504	-0.434166	0.900833
11	1206	1505	-0.443840	0.896106
11	1207	1505	-0.459556	0.888149
11	1208	1506	-0.461810	0.886979
11	1209	1506	-0.468481	0.883474
11	1210	1507	-0.479558	0.877510
11	1211	1508	-0.484398	0.874848
11	1212	1508	-0.485782	0.874080
11	1213	1509	-0.496650	0.867951
11	1214	1509	-0.496650	0.867951
11	1215	1510	-0.503749	0.863850
11	1216	1510	-0.511326	0.859387
11	1217	1511	-0.522122	0.852871
11	1218	1511	-0.536409	0.843958
11	1219	1512	-0.548533	0.836129
11	1220	1513	-0.559177	0.829048
11	1221	1513	-0.579960	0.814645
11	1222	1514	-0.595756	0.803165
11	1223	1515	-0.609089	0.793102
11	1224	1515	-0.632836	0.774285
11	1225	1516	-0.642958	0.765901
11	1226	1517	-0.659598	0.751619
11	1227	1518	-0.672566	0.740037
11	1228	1519	-0.686286	0.727332
11	1229	1520	-0.700183	0.713963
11	1230	1521	-0.713963	0.700183
11	1231	1522	-0.731497	0.681845
11	1232	1523	-0.743801	0.668401
11	1233	1524	-0.754917	0.655820
11	1234	1525	-0.768739	0.639562
11	1235	1526	-0.776639	0.629946
11	1235	1527	-0.795457	0.606010
11	1236	1528	-0.804967	0.593320
11	1237	1529	-0.815872	0.578232
11	1237	1530	-0.830124	0.557579
11	1238	1531	-0.841128	0.540837
11	1238	1532	-0.851095	0.525012
11	1239	1533	-0.860941	0.508705
11	1240	1534	-0.865552	0.500819
11	1240	1535	-0.874080	0.485782
11	1241	1536	-0.875568	0.483095
11	1241	1537	-0.879359	0.476160
11	1242	1538	-0.882206	0.470864
11	1242	1539	-0.886514	0.462702
11	1243	1540	-0.885194	0.465223
11	1243	1541	-0.889770	0.456409
11	1244	1542	-0.889113	0.457688
11	1244	1543	-0.893961	0.448144
11	1245	1544	-0.898437	0.439103
11	1245	1545	-0.898153	0.439682
11	1246	1546	-0.901984	0.431769
11	1246	1547	-0.901411	0.432965
11	1247	1548	-0.904601	0.426260
11	1247	1549	-0.903734	0.428095
11	1248	1550	-0.906287	0.422662
11	1248	1551	-0.909584	0.415521
11	1249	1552	-0.910886	0.412658
11	1249	1553	-0.913566	0.406691
11	1249	1554	-0.914455	0.404688
11	1250	1555	-0.915699	0.401865
11	1250	1556	-0.920407	0.390961
11	1251	1557	-0.919796	0.392397
11	1251	1558	-0.923579	0.383408
11	1252	1559	-0.925239	0.379384
11	1252	1560	-0.927772	0.373148
11	1252	1561	-0.928376	0.371643
11	1253	1562	-0.928376	0.371643
11	1253	1563	-0.927772	0.373148
11	1254	1564	-0.929445	0.368962
11	1254	1565	-0.935895	0.352279
11	1254	1566	-0.937339	0.348419
11	1255	1567	-0.934986	0.354685
11	1255	1568	-0.938832	0.344375
11	1255	1569	-0.948442	0.316950
11	1256	1570	-0.931466	0.363827
11	1256	1571	-0.942960	0.332907
11	1257	1572	-0.922125	0.386892
11	1257	1573	-0.935318	0.353807
11	1257	1574	-0.951835	0.306610
11	1257	1575	-0.962544	0.271124
12	1094	1573	0.282491	0.959270
12	1095	1574	0.482223	0.876048
12	1096	1575	0.632521	0.774543
12	1096	1575	0.618525	0.785765
12	1097	1574	0.585358	0.810775
12	1098	1573	0.545712	0.837973
12	1099	1572	0.519439	0.854507
12	1100	1571	0.497574	0.867421
12	1101	1571	0.515927	0.856633
12	1102	1570	0.501992	0.864872
12	1103	1569	0.505889	0.862599
12	1104	1569	0.513374	0.858165
12	1105	1568	0.511563	0.859246
12	1106	1568	0.493363	0.869824
12	1107	1567	0.474347	0.880338
12	1108	1567	0.448890	0.893587
12	1109	1566	0.427889	0.903831
12	1110	1566	0.411544	0.911390
12	1111	1565	0.402104	0.915594
12	1112	1565	0.376448	0.926438
12	1113	1564	0.360669	0.932694
12	1114	1564	0.349290	0.937015
12	1115	1564	0.331178	0.943568
12	1116	1563	0.322075	0.946714
12	1117	1563	0.308582	0.951198
12	1118	1563	0.300778	0.953694
12	1119	1563	0.297988	0.954570
12	1120	1562	0.297988	0.954570
12	1121	1562	0.300778	0.953694
12	1122	1562	0.320579	0.947222
12	1123	1562	0.333094	0.942894
12	1124	1561	0.351727	0.936103
12	1125	1561	0.367738	0.929929
12	1126	1561	0.388992	0.921241
12	1127	1560	0.410029	0.912073
12	1128	1560	0.431666	0.902034
12	1129	1559	0.444768	0.895646
12	1130	1559	0.457311	0.889307
12	1131	1558	0.470365	0.882472
12	1132	1557	0.478605	0.878030
12	1133	1557	0.478605	0.878030
12	1134	1556	0.478605	0.878030
12	1135	1556	0.478605	0.878030
12	1136	1555	0.470365	0.882472
12	1137	1554	0.465266	0.885171
12	1138	1554	0.452415	0.891808
12	1139	1553	0.438381	0.898789
12	1140	1553	0.425398	0.905006
12	1141	1552	0.411326	0.911488
12	1142	1552	0.388853	0.921300
12	1143	1552	0.381226	0.924482
12	1144	1551	0.367786	0.929910
12	1145	1551	0.351827	0.936065
12	1146	1551	0.339661	0.940548
12	1147	1550	0.330321	0.943869
12	1148	1550	0.322746	0.946485
12	1149	1550	0.308832	0.951117
12	1150	1549	0.299569	0.954075
12	1151	1549	0.281488	0.959565
12	1152	1549	0.270131	0.962824
12	1153	1548	0.255483	0.966813
12	1154	1548	0.230024	0.973185
12	1155	1548	0.212560	0.977148
12	1156	1547	0.184084	0.982910
12	1157	1547	0.142834	0.989747
12	1158	1547	0.099715	0.995016
12	1159	1547	0.046200	0.998932
12	1160	1547	-0.024687	0.999695
12	1161	1547	-0.091736	0.995783
12	1162	1547	-0.175699	0.984444
12	1163	1547	-0.270809	0.962633
12	1164	1547	-0.365050	0.930988
12	1165	1547	-0.476339	0.879262
12	1166	1548	-0.545176	0.838321
12	1167	1548	-0.658665	0.752436
12	1168	1549	-0.713266	0.700893
12	1168	1550	-0.809642	0.586925
12	1169	1551	-0.861249	0.508182
12	1169	1552	-0.920831	0.389961
12	1170	1553	-0.954981	0.296666
12	1170	1554	-0.986121	0.166029
12	1170	1555	-0.999263	0.038377
12	1170	1556	-0.996189	-0.087225
12	1170	1557	-0.977572	-0.210602
12	1170	1558	-0.948030	-0.318181
12	1169	1559	-0.923365	-0.383924
12	1169	1560	-0.884681	-0.466197
12	1168	1561	-0.857917	-0.513789
12	1168	1562	-0.815779	-0.578363
12	1167	1563	-0.792431	-0.609962
12	1166	1564	-0.768039	-0.640403
12	1165	1565	-0.744319	-0.667824
12	1164	1566	-0.722504	-0.691366
12	1163	1567	-0.699109	-0.715015
12	1162	1568	-0.679519	-0.733658
12	1161	1569	-0.664764	-0.747053
12	1160	1570	-0.646067	-0.763281
12	1159	1570	-0.623992	-0.781430
12	1158	1571	-0.611014	-0.791619
12	1157	1572	-0.599515	-0.800364
12	1156	1572	-0.586026	-0.810292
12	1155	1573	-0.572039	-0.820226
12	1154	1574	-0.562961	-0.826483
12	1153	1574	-0.555564	-0.831474
12	1152	1575	-0.553603	-0.832781
12	1151	1576	-0.550092	-0.835104
12	1150	1576	-0.550391	-0.834907
12	1149	1577	-0.555850	-0.831282
12	1148	1578	-0.559733	-0.828673
12	1147	1578	-0.559733	-0.828673
12	1146	1579	-0.564034	-0.825751
12	1145	1579	-0.569936	-0.821689
12	1144	1580	-0.574218	-0.818703
12	1143	1581	-0.583719	-0.811956
12	1142	1582	-0.590786	-0.806828
12	1141	1582	-0.604024	-0.796966
12	1140	1583	-0.615257	-0.788327
12	1139	1584	-0.623464	-0.781852
12	1138	1585	-0.634166	-0.773197
12	1137	1585	-0.651218	-0.758890
12	1136	1586	-0.658336	-0.752724
12	1135	1587	-0.671495	-0.741009
12	1134	1588	-0.680488	-0.732759
12	1133	1589	-0.689996	-0.723813
12	1132	1590	-0.699856	-0.714284
12	1131	1591	-0.714284	-0.699856
12	1130	1592	-0.723813	-0.689996
12	1129	1593	-0.732759	-0.680488
12	1128	1594	-0.741009	-0.671495
12	1127	1595	-0.748471	-0.663167
12	1126	1596	-0.750771	-0.660563
12	1126	1597	-0.755626	-0.655003
12	1125	1598	-0.761575	-0.648077
12	1124	1599	-0.765933	-0.642921
12	1123	1600	-0.768633	-0.639690
12	1123	1601	-0.768902	-0.639366
12	1122	1602	-0.774703	-0.632326
12	1121	1603	-0.778220	-0.627992
12	1120	1604	-0.779398	-0.626529
12	1119	1605	-0.782933	-0.622106
12	1118	1606	-0.783514	-0.621375
12	1117	1607	-0.785411	-0.618974
12	1117	1608	-0.794794	-0.606879
12	1116	1609	-0.803063	-0.595894
12	1115	1610	-0.807744	-0.589534
12	1114	1611	-0.812941	-0.582346
12	1114	1612	-0.831586	-0.555396
12	1113	1613	-0.841984	-0.539502
12	1112	1614	-0.852239	-0.523153
12	1112	1615	-0.869445	-0.494031
12	1111	1616	-0.880727	-0.473624
12	1111	1617	-0.892454	-0.451138
12	1110	1618	-0.898812	-0.438333
12	1110	1619	-0.914395	-0.404824
12	1109	1620	-0.924188	-0.381937
12	1109	1621	-0.936791	-0.349890
12	1109	1622	-0.942783	-0.333408
12	1108	1623	-0.949475	-0.313843
12	1108	1624	-0.956995	-0.290103
12	1108	1625	-0.962092	-0.272724
12	1108	1626	-0.968533	-0.248885
12	1107	1627	-0.969504	-0.245077
12	1107	1628	-0.973185	-0.230022
12	1107	1629	-0.975001	-0.222202
12	1107	1630	-0.977952	-0.208828
12	1107	1631	-0.979129	-0.203239
12	1106	1632	-0.981241	-0.192786
12	1106	1633	-0.982133	-0.188190
12	1106	1634	-0.981469	-0.191622
12	1106	1635	-0.981691	-0.190480
12	1106	1636	-0.982788	-0.184737
12	1105	1637	-0.984739	-0.174037
12	1105	1638	-0.985262	-0.171050
12	1105	1639	-0.984229	-0.176899
12	1105	1640	-0.984019	-0.178062
12	1105	1641	-0.984645	-0.174566
12	1105	1642	-0.986070	-0.166331
12	1104	1643	-0.986070	-0.166331
12	1104	1644	-0.986764	-0.162164
12	1104	1645	-0.988005	-0.154425
12	1104	1646	-0.989717	-0.143037
12	1104	1647	-0.991789	-0.127887
12	1104	1648	-0.992412	-0.122956
12	1103	1649	-0.993185	-0.116546
12	1103	1650	-0.994378	-0.105893
12	1103	1651	-0.995694	-0.092700
12	1103	1652	-0.997036	-0.076941
12	1103	1653	-0.998282	-0.058597
12	1103	1654	-0.999232	-0.039177
12	1103	1655	-0.999807	-0.019622
12	1103	1656	-1.000000	-0.000000
12	1103	1657	-0.999807	0.019622
12	1103	1658	-0.999232	0.039177
12	1103	1659	-0.998282	0.058597
12	1103	1660	-0.997036	0.076941
12	1103	1661	-0.995694	0.092700
12	1103	1662	-0.994378	0.105893
12	1103	1663	-0.993185	0.116546
12	1104	1664	-0.992412	0.122956
12	1104	1665	-0.990065	0.140612
12	1104	1666	-0.988005	0.154425
12	1104	1667	-0.986371	0.164534
12	1104	1668	-0.985262	0.171050
12	1104	1669	-0.982398	0.186799
12	1105	1670	-0.980656	0.195738
12	1105	1671	-0.979742	0.200262
12	1105	1672	-0.979742	0.200262
12	1105	1673	-0.978084	0.208212
12	1105	1674	-0.977576	0.210583
12	1106	1675	-0.976044	0.217572
12	1106	1676	-0.972485	0.232967
12	1106	1677	-0.970072	0.242816
12	1106	1678	-0.968920	0.247373
12	1107	1679	-0.966693	0.255937
12	1107	1680	-0.966150	0.257979
12	1107	1681	-0.963826	0.266533
12	1107	1682	-0.959392	0.282078
12	1108	1683	-0.957952	0.286928
12	1108	1684	-0.957952	0.286928
12	1108	1685	-0.956125	0.292960
12	1109	1686	-0.953694	0.300778
12	1109	1687	-0.953110	0.302625
12	1109	1688	-0.950606	0.310399
12	1110	1689	-0.951117	0.308832
12	1110	1690	-0.946485	0.322746
12	1110	1691	-0.943869	0.330321
12	1111	1692	-0.944407	0.328778
12	1111	1693	-0.943808	0.330494
12	1111	1694	-0.941452	0.337146
12	1112	1695	-0.938660	0.344844
12	1112	1696	-0.938660	0.344844
12	1112	1697	-0.936842	0.349752
12	1113	1698	-0.935158	0.354232
12	1113	1699	-0.935762	0.352631
12	1114	1700	-0.931204	0.364498
12	1114	1701	-0.930297	0.366807
12	1114	1702	-0.927493	0.373840
12	1115	1703	-0.925231	0.379405
12	1115	1704	-0.921162	0.389180
12	1116	1705	-0.921162	0.389180
12	1116	1706	-0.916157	0.400819
12	1116	1707	-0.913798	0.406169
12	1117	1708	-0.913106	0.407723
12	1117	1709	-0.905298	0.424778
12	1118	1710	-0.904022	0.427485
12	1118	1711	-0.895832	0.444393
12	1119	1712	-0.893961	0.448144
12	1119	1713	-0.890214	0.455543
12	1120	1714	-0.883531	0.468373
12	1120	1715	-0.880010	0.474956
12	1121	1716	-0.874080	0.485782
12	1121	1717	-0.865552	0.500819
12	1122	1718	-0.866124	0.499829
12	1123	1719	-0.860704	0.509106
12	1123	1720	-0.855781	0.517339
12	1124	1721	-0.853091	0.521762
12	1124	1722	-0.849093	0.528243
12	1125	1723	-0.844042	0.536277
12	1126	1724	-0.839024	0.544094
12	1126	1725	-0.829237	0.558898
12	1127	1726	-0.828905	0.559389
12	1128	1727	-0.824042	0.566529
12	1128	1728	-0.819455	0.573143
12	1129	1729	-0.814589	0.580039
12	1130	1730	-0.811163	0.584820
12	1130	1731	-0.806956	0.590611
12	1131	1732	-0.803543	0.595247
12	1132	1733	-0.801623	0.597830
12	1133	1734	-0.796637	0.604457
12	1134	1735	-0.793569	0.608481
12	1134	1736	-0.793569	0.608481
12	1135	1737	-0.791723	0.610880
12	1136	1738	-0.786881	0.617104
12	1137	1739	-0.784483	0.620151
12	1137	1740	-0.779476	0.626432
12	1138	1741	-0.779504	0.626397
12	1139	1742	-0.781873	0.623437
12	1140	1743	-0.781873	0.623437
12	1141	1744	-0.775686	0.631119
12	1141	1745	-0.767218	0.641386
12	1142	1746	-0.758806	0.651317
12	1143	1747	-0.753651	0.657275
12	1144	1748	-0.747087	0.664726
12	1145	1749	-0.735013	0.678053
12	1146	1750	-0.721862	0.692037
12	1146	1751	-0.707107	0.707107
12	1147	1752	-0.695167	0.718849
12	1148	1753	-0.683478	0.729971
12	1149	1753	-0.660759	0.750598
12	1150	1754	-0.643329	0.765589
12	1151	1755	-0.626743	0.779226
12	1152	1756	-0.612813	0.790228
12	1153	1757	-0.596290	0.802769
12	1154	1757	-0.572791	0.819701
12	1155	1758	-0.554281	0.832330
12	1156	1758	-0.527879	0.849319
12	1157	1759	-0.515078	0.857143
12	1158	1760	-0.503358	0.864078
12	1159	1760	-0.490102	0.871665
12	1160	1761	-0.473357	0.880871
12	1161	1761	-0.457688	0.889113
12	1162	1762	-0.447026	0.894521
12	1163	1762	-0.431397	0.902162
12	1164	1763	-0.431457	0.902134
12	1165	1763	-0.415891	0.909414
12	1166	1763	-0.414605	0.910002
12	1167	1764	-0.401865	0.915699
12	1168	1764	-0.401187	0.915996
12	1169	1765	-0.401187	0.915996
12	1170	1765	-0.401865	0.915699
12	1171	1766	-0.404688	0.914455
12	1172	1766	-0.406691	0.913566
12	1173	1766	-0.412658	0.910886
12	1174	1767	-0.415521	0.909584
12	1175	1767	-0.422662	0.906287
12	1176	1768	-0.418544	0.908196
12	1177	1768	-0.417273	0.908781
12	1178	1769	-0.415891	0.909414
12	1179	1769	-0.415891	0.909414
12	1180	1770	-0.417273	0.908781
12	1181	1770	-0.418544	0.908196
12	1182	1771	-0.422662	0.906287
12	1183	1771	-0.415521	0.909584
12	1184	1772	-0.412658	0.910886
12	1185	1772	-0.406691	0.913566
12	1186	1772	-0.394530	0.918883
12	1187	1773	-0.393098	0.919496
12	1188	1773	-0.382683	0.923880
12	1189	1774	-0.375702	0.926741
12	1190	1774	-0.367929	0.929854
12	1191	1775	-0.366653	0.930358
12	1192	1775	-0.351475	0.936197
12	1193	1775	-0.341672	0.939819
12	1194	1776	-0.336995	0.941506
12	1195	1776	-0.332032	0.943268
12	1196	1776	-0.320994	0.947081
12	1197	1777	-0.303661	0.952780
12	1198	1777	-0.287558	0.957763
12	1199	1777	-0.276663	0.960967
12	1200	1778	-0.273264	0.961939
12	1201	1778	-0.258566	0.965994
12	1202	1778	-0.250956	0.967998
12	1203	1778	-0.238041	0.971255
12	1204	1779	-0.220753	0.975330
12	1205	1779	-0.219446	0.975625
12	1206	1779	-0.212656	0.977127
12	1207	1779	-0.200262	0.979742
12	1208	1779	-0.195738	0.980656
12	1209	1780	-0.186799	0.982398
12	1210	1780	-0.171050	0.985262
12	1211	1780	-0.176899	0.984229
12	1212	1780	-0.178062	0.984019
12	1213	1780	-0.174566	0.984645
12	1214	1780	-0.166331	0.986070
12	1215	1781	-0.166331	0.986070
12	1216	1781	-0.162164	0.986764
12	1217	1781	-0.154425	0.988005
12	1218	1781	-0.143037	0.989717
12	1219	1781	-0.127887	0.991789
12	1220	1781	-0.135739	0.990745
12	1221	1782	-0.140453	0.990087
12	1222	1782	-0.139923	0.990162
12	1223	1782	-0.135739	0.990745
12	1224	1782	-0.127887	0.991789
12	1225	1782	-0.116310	0.993213
12	1226	1782	-0.115069	0.993357
12	1227	1782	-0.111336	0.993783
12	1228	1782	-0.105082	0.994464
12	1229	1782	-0.096263	0.995356
12	1230	1783	-0.084933	0.996387
12	1231	1783	-0.070430	0.997517
12	1232	1783	-0.067770	0.997701
12	1233	1783	-0.063827	0.997961
12	1234	1783	-0.058597	0.998282
12	1235	1783	-0.052075	0.998643
12	1236	1783	-0.031326	0.999509
12	1237	1783	-0.010456	0.999945
12	1238	1783	0.010456	0.999945
12	1239	1783	0.031326	0.999509
12	1240	1783	0.052075	0.998643
12	1241	1783	0.058597	0.998282
12	1242	1783	0.063827	0.997961
12	1243	1783	0.067770	0.997701
12	1244	1783	0.070430	0.997517
12	1245	1783	0.071807	0.997419
12	1246	1782	0.071807	0.997419
12	1247	1782	0.083331	0.996522
12	1248	1782	0.092225	0.995738
12	1249	1782	0.098538	0.995133
12	1250	1782	0.102308	0.994753
12	1251	1782	0.103562	0.994623
12	1252	1782	0.115215	0.993341
12	1253	1782	0.123112	0.992393
12	1254	1782	0.127299	0.991864
12	1255	1782	0.127785	0.991802
12	1256	1782	0.137817	0.990458
12	1257	1781	0.153418	0.988161
12	1258	1781	0.167101	0.985940
12	1259	1781	0.189796	0.981824
12	1260	1781	0.207591	0.978216
12	1261	1781	0.220753	0.975330
12	1262	1780	0.238041	0.971255
12	1263	1780	0.250956	0.967998
12	1264	1780	0.270738	0.962653
12	1265	1780	0.284312	0.958732
12	1266	1779	0.297665	0.954670
12	1267	1779	0.306424	0.951895
12	1268	1779	0.332217	0.943203
12	1269	1778	0.344021	0.938962
12	1270	1778	0.363303	0.931671
12	1271	1778	0.387463	0.921885
12	1272	1777	0.393131	0.919483
12	1273	1777	0.417964	0.908464
12	1274	1776	0.436977	0.899472
12	1275	1776	0.451890	0.892074
12	1276	1775	0.461138	0.887328
12	1277	1775	0.484862	0.874591
12	1278	1774	0.491813	0.870701
12	1279	1774	0.505400	0.862885
12	1280	1773	0.518080	0.855332
12	1281	1772	0.531760	0.846895
12	1282	1772	0.538077	0.842896
12	1283	1771	0.545770	0.837935
12	1284	1770	0.553311	0.832975
12	1285	1770	0.567631	0.823283
12	1286	1769	0.568066	0.822983
12	1287	1768	0.574946	0.818191
12	1288	1768	0.581372	0.813638
12	1289	1767	0.587985	0.808872
12	1290	1766	0.592377	0.805661
12	1291	1765	0.594077	0.804408
12	1292	1765	0.600454	0.799659
12	1293	1764	0.601329	0.799001
12	1294	1763	0.606248	0.795276
12	1295	1762	0.614948	0.788568
12	1296	1762	0.621231	0.783627
12	1297	1761	0.626999	0.779020
12	1298	1760	0.635401	0.772183
12	1299	1759	0.640088	0.768302
12	1300	1758	0.646660	0.762778
12	1301	1758	0.657983	0.753032
12	1302	1757	0.665992	0.745959
12	1303	1756	0.670261	0.742125
12	1304	1755	0.675547	0.737317
12	1305	1754	0.686273	0.727344
12	1306	1753	0.697346	0.716734
12	1307	1752	0.703858	0.710341
12	1308	1751	0.710341	0.703858
12	1309	1750	0.721079	0.692852
12	1310	1749	0.731271	0.682087
12	1311	1748	0.740782	0.671746
12	1312	1747	0.749315	0.662213
12	1313	1746	0.756500	0.653994
12	1314	1745	0.766234	0.642562
12	1314	1744	0.780663	0.624953
12	1315	1743	0.792730	0.609572
12	1316	1742	0.802148	0.597126
12	1317	1741	0.812941	0.582346
12	1317	1740	0.831586	0.555396
12	1318	1739	0.841984	0.539502
12	1319	1738	0.852239	0.523153
12	1319	1737	0.865063	0.501664
12	1320	1736	0.872825	0.488033
12	1320	1735	0.885071	0.465455
12	1321	1734	0.888473	0.458928
12	1321	1733	0.900873	0.434084
12	1322	1732	0.909228	0.416298
12	1322	1731	0.915835	0.401555
12	1322	1730	0.920252	0.391327
12	1323	1729	0.928087	0.372364
12	1323	1728	0.935460	0.353433
12	1324	1727	0.936007	0.351980
12	1324	1726	0.941700	0.336455
12	1324	1725	0.945242	0.326371
12	1325	1724	0.950469	0.310820
12	1325	1723	0.951812	0.306682
12	1325	1722	0.955161	0.296087
12	1326	1721	0.956120	0.292974
12	1326	1720	0.960417	0.278567
12	1326	1719	0.966150	0.257979
12	1326	1718	0.969739	0.244145
12	1327	1717	0.971505	0.237021
12	1327	1716	0.972354	0.233511
12	1327	1715	0.974443	0.224636
12	1327	1714	0.977661	0.210188
12	1328	1713	0.978822	0.204712
12	1328	1712	0.981511	0.191406
12	1328	1711	0.984852	0.173397
12	1328	1710	0.984229	0.176899
12	1328	1709	0.984438	0.175734
12	1328	1708	0.985466	0.169874
12	1329	1707	0.987281	0.158987
12	1329	1706	0.987756	0.156007
12	1329	1705	0.988771	0.149437
12	1329	1704	0.990261	0.139222
12	1329	1703	0.992123	0.125267
12	1329	1702	0.992583	0.121565
12	1329	1701	0.993324	0.115362
12	1330	1700	0.992774	0.120001
12	1330	1699	0.992829	0.119543
12	1330	1698	0.993324	0.115362
12	1330	1697	0.994210	0.107451
12	1330	1696	0.993937	0.109948
12	1330	1695	0.993937	0.109948
12	1330	1694	0.994210	0.107451
12	1330	1693	0.994739	0.102439
12	1330	1692	0.995489	0.094876
12	1330	1691	0.996405	0.084714
12	1331	1690	0.997419	0.071807
12	1331	1689	0.997517	0.070430
12	1331	1688	0.997701	0.067770
12	1331	1687	0.997961	0.063827
12	1331	1686	0.997438	0.071529
12	1331	1685	0.997059	0.076643
12	1331	1684	0.996859	0.079194
12	1331	1683	0.996859	0.079194
12	1331	1682	0.997059	0.076643
12	1331	1681	0.997438	0.071529
12	1331	1680	0.997961	0.063827
12	1331	1679	0.997701	0.067770
12	1331	1678	0.997517	0.070430
12	1331	1677	0.997419	0.071807
12	1332	1676	0.997419	0.071807
12	1332	1675	0.997517	0.070430
12	1332	1674	0.997701	0.067770
12	1332	1673	0.997961	0.063827
12	1332	1672	0.998954	0.045728
12	1332	1671	0.999622	0.027492
12	1332	1670	0.999958	0.009173
12	1332	1669	0.999958	-0.009173
12	1332	1668	0.999622	-0.027492
12	1332	1667	0.998954	-0.045728
12	1332	1666	0.997961	-0.063827
12	1332	1665	0.996724	-0.080883
12	1332	1664	0.995442	-0.095365
12	1332	1663	0.994227	-0.107293
12	1331	1662	0.993324	-0.115362
12	1331	1661	0.992583	-0.121565
12	1331	1660	0.990431	-0.138006
12	1331	1659	0.988589	-0.150639
12	1331	1658	0.987184	-0.159587
12	1331	1657	0.986303	-0.164941
12	1331	1656	0.983741	-0.179596
12	1330	1655	0.982352	-0.187042
12	1330	1654	0.981691	-0.190480
12	1330	1653	0.979412	-0.201871
12	1330	1652	0.978216	-0.207591
12	1330	1651	0.975330	-0.220753
12	1329	1650	0.971255	-0.238041
12	1329	1649	0.967998	-0.250956
12	1329	1648	0.965994	-0.258566
12	1329	1647	0.961939	-0.273264
12	1328	1646	0.957476	-0.288514
12	1328	1645	0.954469	-0.298311
12	1328	1644	0.949653	-0.313302
12	1327	1643	0.944407	-0.328778
12	1327	1642	0.940849	-0.338826
12	1327	1641	0.935129	-0.354309
12	1326	1640	0.930317	-0.366756
12	1326	1639	0.923123	-0.384506
12	1326	1638	0.913366	-0.407139
12	1325	1637	0.911685	-0.410890
12	1324	1636	0.907217	-0.420662
12	1324	1635	0.902450	-0.430795
12	1324	1634	0.895369	-0.445326
12	1323	1633	0.891253	-0.453506
12	1323	1632	0.884084	-0.467328
12	1322	1631	0.880084	-0.474817
12	1321	1630	0.874591	-0.484861
12	1321	1629	0.864576	-0.502503
12	1320	1628	0.861156	-0.508341
12	1320	1627	0.856924	-0.515442
12	1319	1626	0.851095	-0.525012
12	1319	1625	0.843091	-0.537771
12	1318	1624	0.840093	-0.542442
12	1317	1623	0.837076	-0.547086
12	1317	1622	0.827880	-0.560906
12	1316	1621	0.829513	-0.558487
12	1315	1620	0.826583	-0.562815
12	1314	1619	0.819175	-0.573544
12	1314	1618	0.813951	-0.580934
12	1313	1617	0.806677	-0.590993
12	1312	1616	0.806049	-0.591849
12	1312	1615	0.801428	-0.598091
12	1311	1614	0.801383	-0.598151
12	1310	1613	0.798246	-0.602332
12	1309	1612	0.792091	-0.610404
12	1309	1611	0.787235	-0.616653
12	1308	1610	0.783158	-0.621823
12	1307	1609	0.776802	-0.629745
12	1306	1608	0.768302	-0.640088
12	1305	1607	0.762778	-0.646660
12	1305	1606	0.753032	-0.657983
12	1304	1605	0.745959	-0.665992
12	1303	1604	0.737976	-0.674827
12	1302	1603	0.729233	-0.684266
12	1301	1602	0.719831	-0.694149
12	1300	1601	0.709895	-0.704307
12	1299	1600	0.699856	-0.714284
12	1298	1599	0.689996	-0.723813
12	1297	1598	0.680488	-0.732759
12	1296	1597	0.666798	-0.745238
12	1295	1596	0.653994	-0.756500
12	1294	1595	0.647337	-0.762204
12	1293	1595	0.630044	-0.776560
12	1292	1594	0.619860	-0.784713
12	1291	1593	0.606503	-0.795081
12	1290	1592	0.596409	-0.802681
12	1289	1592	0.576527	-0.817078
12	1288	1591	0.564793	-0.825232
12	1287	1590	0.551593	-0.834113
12	1286	1590	0.537317	-0.843380
12	1285	1589	0.525011	-0.851096
12	1284	1588	0.520973	-0.853573
12	1283	1588	0.507938	-0.861394
12	1282	1587	0.498860	-0.866683
12	1281	1587	0.483288	-0.875462
12	1280	1586	0.479347	-0.877625
12	1279	1586	0.471858	-0.881675
12	1278	1585	0.465223	-0.885194
12	1277	1585	0.456409	-0.889770
12	1276	1584	0.457688	-0.889113
12	1275	1584	0.448144	-0.893961
12	1274	1583	0.448144	-0.893961
12	1273	1583	0.448144	-0.893961
12	1272	1582	0.439103	-0.898437
12	1271	1582	0.430422	-0.902628
12	1270	1581	0.414702	-0.909957
12	1269	1581	0.412577	-0.910923
12	1268	1580	0.420710	-0.907195
12	1267	1580	0.407598	-0.913162
12	1266	1579	0.432579	-0.901596
12	1265	1579	0.407486	-0.913211
12	1264	1578	0.448963	-0.893550
12	1263	1578	0.413933	-0.910307
12	1262	1578	0.360597	-0.932722
12	1261	1578	0.312205	-0.950015
12	1260	1578	0.248416	-0.968653
13	1257	1575	-0.707107	0.707107
13	1258	1576	-0.707107	0.707107
13	1259	1577	-0.707107	0.707107
13	1260	1578	-0.707107	0.707107
14	1257	1575	-0.000000	-1.000000
14	1256	1575	-0.025948	-0.999663
14	1255	1575	-0.048794	-0.998809
14	1254	1575	-0.067712	-0.997705
14	1253	1575	-0.106016	-0.994364
14	1252	1575	-0.133808	-0.991007
14	1251	1575	-0.171766	-0.985138
14	1250	1575	-0.193865	-0.981028
14	1249	1575	-0.219619	-0.975586
14	1248	1575	-0.229433	-0.973324
14	1247	1575	-0.240987	-0.970528
14	1246	1576	-0.274743	-0.961518
14	1245	1576	-0.309668	-0.950845
14	1244	1576	-0.350465	-0.936576
14	1243	1577	-0.380089	-0.924950
14	1242	1577	-0.422747	-0.906248
14	1241	1578	-0.453399	-0.891307
14	1240	1578	-0.493304	-0.869857
14	1239	1579	-0.519476	-0.854485
14	1238	1579	-0.554879	-0.831931
14	1237	1580	-0.573791	-0.819002
14	1236	1581	-0.595448	-0.803394
14	1235	1581	-0.630075	-0.776534
14	1234	1582	-0.652333	-0.757932
14	1233	1583	-0.671193	-0.741283
14	1232	1584	-0.695046	-0.718965
14	1231	1585	-0.718290	-0.695744
14	1230	1586	-0.740529	-0.672025
14	1229	1587	-0.761042	-0.648703
14	1228	1588	-0.782896	-0.622152
14	1227	1589	-0.801530	-0.597955
14	1227	1590	-0.836290	-0.548287
14	1226	1591	-0.857104	-0.515143
14	1226	1592	-0.886816	-0.462122
14	1225	1593	-0.904899	-0.425626
14	1225	1594	-0.930486	-0.366328
14	1225	1595	-0.950817	-0.309755
14	1224	1596	-0.963478	-0.267786
14	1224	1597	-0.976602	-0.215054
14	1224	1598	-0.985425	-0.170112
14	1224	1599	-0.990992	-0.133921
14	1224	1600	-0.994213	-0.107431
14	1224	1601	-0.997934	-0.064243
14	1224	1602	-0.999462	-0.032798
14	1224	1603	-1.000000	-0.000000
14	1224	1604	-0.999807	0.019622
14	1224	1605	-0.999232	0.039177
14	1224	1606	-0.998282	0.058597
14	1224	1607	-0.997036	0.076941
14	1224	1608	-0.995694	0.092700
14	1224	1609	-0.994378	0.105893
14	1224	1610	-0.993185	0.116546
14	1225	1611	-0.992412	0.122956
14	1225	1612	-0.990065	0.140612
14	1225	1613	-0.988005	0.154425
14	1225	1614	-0.986371	0.164534
14	1225	1615	-0.985262	0.171050
14	1225	1616	-0.982398	0.186799
14	1226	1617	-0.980656	0.195738
14	1226	1618	-0.977127	0.212656
14	1226	1619	-0.974632	0.223815
14	1226	1620	-0.970248	0.242112
14	1226	1621	-0.967207	0.253990
14	1227	1622	-0.960700	0.277588
14	1227	1623	-0.950766	0.309909
14	1227	1624	-0.937797	0.347185
14	1227	1625	-0.926377	0.376597
14	1228	1626	-0.918963	0.394345
14	1228	1627	-0.904567	0.426332
14	1229	1628	-0.890922	0.454156
14	1229	1629	-0.869941	0.493155
14	1230	1630	-0.855858	0.517211
14	1230	1631	-0.830815	0.556548
14	1231	1632	-0.815993	0.578062
14	1232	1633	-0.797037	0.603930
14	1233	1634	-0.775276	0.631623
14	1233	1635	-0.748948	0.662629
14	1234	1636	-0.729554	0.683923
14	1235	1637	-0.704545	0.709659
14	1236	1638	-0.678926	0.734207
14	1237	1639	-0.653294	0.757104
14	1238	1640	-0.628835	0.777539
14	1239	1640	-0.577685	0.816260
14	1240	1641	-0.541792	0.840513
14	1241	1642	-0.505221	0.862990
14	1242	1642	-0.439489	0.898248
14	1243	1643	-0.389665	0.920957
14	1244	1643	-0.311257	0.950326
14	1245	1643	-0.224718	0.974424
14	1246	1643	-0.142655	0.989773
14	1247	1644	-0.061567	0.998103
14	1248	1644	0.019836	0.999803
14	1249	1643	0.091905	0.995768
14	1250	1643	0.176008	0.984389
14	1251	1643	0.254615	0.967042
14	1252	1643	0.312567	0.949896
14	1253	1642	0.354278	0.935140
14	1254	1642	0.404730	0.914436
14	1255	1641	0.439479	0.898253
14	1256	1641	0.486589	0.873631
14	1257	1640	0.517211	0.855858
14	1258	1640	0.552348	0.833614
14	1259	1639	0.569682	0.821865
14	1260	1638	0.595989	0.802993
14	1261	1637	0.619954	0.784638
14	1262	1637	0.651917	0.758290
14	1263	1636	0.670128	0.742245
14	1264	1635	0.693456	0.720499
14	1265	1634	0.712216	0.701960
14	1266	1633	0.734528	0.678579
14	1267	1632	0.755167	0.655532
14	1268	1631	0.777346	0.629073
14	1269	1630	0.796316	0.604881
14	1269	1629	0.831414	0.555654
14	1270	1628	0.853104	0.521741
14	1270	1627	0.885355	0.464915
14	1271	1626	0.904085	0.427353
14	1271	1625	0.930019	0.367512
14	1272	1624	0.945071	0.326865
14	1272	1623	0.963862	0.266400
14	1272	1622	0.979578	0.201066
14	1272	1621	0.989693	0.143204
14	1272	1620	0.995499	0.094776
14	1272	1619	0.998358	0.057280
14	1272	1618	0.999992	0.003989
14	1272	1617	0.999358	-0.035835
14	1272	1616	0.997172	-0.075154
14	1272	1615	0.993555	-0.113352
14	1272	1614	0.988926	-0.148413
14	1272	1613	0.985911	-0.167272
14	1271	1612	0.981779	-0.190027
14	1271	1611	0.977444	-0.211194
14	1271	1610	0.970706	-0.240269
14	1271	1609	0.964669	-0.263465
14	1270	1608	0.961530	-0.274699
14	1270	1607	0.955253	-0.295792
14	1270	1606	0.950469	-0.310820
14	1269	1605	0.949017	-0.315226
14	1269	1604	0.945242	-0.326371
14	1269	1603	0.943508	-0.331351
14	1268	1602	0.941823	-0.336110
14	1268	1601	0.938230	-0.346013
14	1267	1600	0.937105	-0.349047
14	1267	1599	0.935593	-0.353081
14	1267	1598	0.936500	-0.350668
14	1266	1597	0.936500	-0.350668
14	1266	1596	0.935593	-0.353081
14	1266	1595	0.937105	-0.349047
14	1265	1594	0.934285	-0.356528
14	1265	1593	0.934285	-0.356528
14	1264	1592	0.937105	-0.349047
14	1264	1591	0.935593	-0.353081
14	1264	1590	0.936500	-0.350668
14	1263	1589	0.936500	-0.350668
14	1263	1588	0.939518	-0.342500
14	1263	1587	0.942519	-0.334152
14	1262	1586	0.937263	-0.348623
14	1262	1585	0.942216	-0.335005
14	1261	1584	0.931420	-0.363946
14	1261	1583	0.938639	-0.344900
14	1261	1582	0.951281	-0.308326
14	1260	1581	0.924753	-0.380567
14	1260	1580	0.938481	-0.345332
14	1260	1579	0.955360	-0.295446
14	1260	1578	0.966344	-0.257252
